# 1,2-DICHLOROETHANE from NIST Database
1.235e+00 0.000e+00 0.000e+00 0.000e+00 0.000e+00 0.000e+00
1.000e+00 4.042e-02 3.500e+00 0.000e+00 0.000e+00 0.000e+00
6.000e+00 2.021e-02 3.500e+00 0.000e+00 0.000e+00 0.000e+00
1.700e+01 2.021e-02 3.500e+00 0.000e+00 0.000e+00 0.000e+00
0.000e+00 0.000e+00 0.000e+00 0.000e+00 0.000e+00 0.000e+00
1.000e-03 2.450e+00 1.125e-02 2.563e+03 0.000e+00 2.564e+03
1.020e-03 2.441e+00 1.164e-02 2.431e+03 0.000e+00 2.431e+03
1.126e-03 2.398e+00 1.380e-02 1.868e+03 0.000e+00 1.867e+03
1.243e-03 2.352e+00 1.633e-02 1.435e+03 0.000e+00 1.433e+03
1.372e-03 2.301e+00 1.925e-02 1.102e+03 0.000e+00 1.101e+03
1.500e-03 2.248e+00 2.222e-02 8.680e+02 0.000e+00 8.678e+02
1.515e-03 2.242e+00 2.257e-02 8.447e+02 0.000e+00 8.445e+02
1.672e-03 2.173e+00 2.626e-02 6.454e+02 0.000e+00 6.449e+02
1.846e-03 2.095e+00 3.035e-02 4.923e+02 0.000e+00 4.920e+02
2.000e-03 2.025e+00 3.393e-02 3.953e+02 0.000e+00 3.952e+02
2.038e-03 2.008e+00 3.481e-02 3.752e+02 0.000e+00 3.751e+02
2.250e-03 1.914e+00 3.963e-02 2.850e+02 0.000e+00 2.848e+02
2.483e-03 1.815e+00 4.476e-02 2.168e+02 0.000e+00 2.165e+02
2.741e-03 1.712e+00 5.017e-02 1.647e+02 0.000e+00 1.645e+02
2.822e-03 1.681e+00 5.182e-02 1.518e+02 0.000e+00 1.105e+03
2.822e-03 1.681e+00 5.182e-02 1.197e+03 0.000e+00 1.105e+03
3.000e-03 1.616e+00 5.530e-02 1.076e+03 0.000e+00 9.969e+02
3.026e-03 1.607e+00 5.579e-02 1.058e+03 0.000e+00 9.755e+02
3.341e-03 1.500e+00 6.157e-02 8.419e+02 0.000e+00 7.606e+02
3.688e-03 1.393e+00 6.739e-02 6.434e+02 0.000e+00 5.933e+02
4.000e-03 1.307e+00 7.216e-02 5.121e+02 0.000e+00 4.838e+02
4.071e-03 1.289e+00 7.319e-02 4.879e+02 0.000e+00 4.621e+02
4.494e-03 1.189e+00 7.888e-02 3.746e+02 0.000e+00 3.571e+02
4.961e-03 1.095e+00 8.442e-02 2.889e+02 0.000e+00 2.760e+02
5.000e-03 1.088e+00 8.485e-02 2.830e+02 0.000e+00 2.704e+02
5.477e-03 1.007e+00 8.976e-02 2.215e+02 0.000e+00 2.119e+02
6.000e-03 9.305e-01 9.451e-02 1.725e+02 0.000e+00 1.661e+02
6.046e-03 9.243e-01 9.491e-02 1.689e+02 0.000e+00 1.626e+02
6.675e-03 8.470e-01 9.988e-02 1.284e+02 0.000e+00 1.238e+02
7.368e-03 7.744e-01 1.047e-01 9.747e+01 0.000e+00 9.425e+01
8.000e-03 7.169e-01 1.086e-01 7.733e+01 0.000e+00 7.512e+01
8.134e-03 7.056e-01 1.094e-01 7.378e+01 0.000e+00 7.167e+01
8.979e-03 6.401e-01 1.141e-01 5.572e+01 0.000e+00 5.421e+01
9.912e-03 5.771e-01 1.187e-01 4.198e+01 0.000e+00 4.100e+01
1.000e-02 5.716e-01 1.191e-01 4.092e+01 0.000e+00 3.998e+01
1.094e-02 5.166e-01 1.232e-01 3.157e+01 0.000e+00 3.080e+01
1.208e-02 4.588e-01 1.276e-01 2.366e+01 0.000e+00 2.310e+01
1.334e-02 4.045e-01 1.320e-01 1.769e+01 0.000e+00 1.732e+01
1.472e-02 3.547e-01 1.361e-01 1.323e+01 0.000e+00 1.301e+01
1.500e-02 3.457e-01 1.368e-01 1.251e+01 0.000e+00 1.232e+01
1.625e-02 3.090e-01 1.399e-01 9.865e+00 0.000e+00 9.707e+00
1.794e-02 2.677e-01 1.435e-01 7.340e+00 0.000e+00 7.231e+00
1.980e-02 2.312e-01 1.467e-01 5.457e+00 0.000e+00 5.392e+00
2.000e-02 2.278e-01 1.470e-01 5.294e+00 0.000e+00 5.233e+00
2.186e-02 1.991e-01 1.495e-01 4.046e+00 0.000e+00 3.997e+00
2.413e-02 1.711e-01 1.519e-01 2.997e+00 0.000e+00 2.963e+00
2.664e-02 1.467e-01 1.538e-01 2.215e+00 0.000e+00 2.195e+00
2.941e-02 1.256e-01 1.554e-01 1.635e+00 0.000e+00 1.627e+00
3.000e-02 1.217e-01 1.557e-01 1.538e+00 0.000e+00 1.532e+00
3.247e-02 1.074e-01 1.565e-01 1.204e+00 0.000e+00 1.203e+00
3.584e-02 9.168e-02 1.573e-01 8.868e-01 0.000e+00 8.897e-01
3.957e-02 7.809e-02 1.577e-01 6.517e-01 0.000e+00 6.578e-01
4.000e-02 7.672e-02 1.578e-01 6.301e-01 0.000e+00 6.364e-01
4.368e-02 6.637e-02 1.578e-01 4.787e-01 0.000e+00 4.878e-01
4.822e-02 5.625e-02 1.575e-01 3.512e-01 0.000e+00 3.620e-01
5.000e-02 5.290e-02 1.574e-01 3.134e-01 0.000e+00 3.246e-01
5.323e-02 4.753e-02 1.569e-01 2.574e-01 0.000e+00 2.701e-01
5.876e-02 4.005e-02 1.559e-01 1.884e-01 0.000e+00 2.024e-01
6.000e-02 3.861e-02 1.557e-01 1.764e-01 0.000e+00 1.905e-01
6.486e-02 3.365e-02 1.547e-01 1.379e-01 0.000e+00 1.544e-01
7.161e-02 2.819e-02 1.530e-01 1.008e-01 0.000e+00 1.186e-01
7.905e-02 2.356e-02 1.511e-01 7.367e-02 0.000e+00 9.147e-02
8.000e-02 2.306e-02 1.509e-01 7.092e-02 0.000e+00 8.868e-02
8.726e-02 1.966e-02 1.489e-01 5.382e-02 0.000e+00 7.346e-02
9.633e-02 1.638e-02 1.465e-01 3.930e-02 0.000e+00 5.962e-02
1.000e-01 1.528e-02 1.455e-01 3.489e-02 0.000e+00 5.520e-02
1.063e-01 1.363e-02 1.438e-01 2.873e-02 0.000e+00 5.105e-02
1.174e-01 1.131e-02 1.408e-01 2.095e-02 0.000e+00 4.512e-02
1.296e-01 9.387e-03 1.377e-01 1.531e-02 0.000e+00 4.008e-02
1.431e-01 7.777e-03 1.344e-01 1.118e-02 0.000e+00 3.579e-02
1.500e-01 7.109e-03 1.328e-01 9.638e-03 0.000e+00 3.398e-02
1.579e-01 6.445e-03 1.310e-01 8.197e-03 0.000e+00 3.331e-02
1.743e-01 5.331e-03 1.275e-01 6.007e-03 0.000e+00 3.210e-02
1.925e-01 4.402e-03 1.239e-01 4.403e-03 0.000e+00 3.097e-02
2.000e-01 4.088e-03 1.224e-01 3.908e-03 0.000e+00 3.056e-02
2.125e-01 3.634e-03 1.202e-01 3.238e-03 0.000e+00 3.048e-02
2.345e-01 3.000e-03 1.164e-01 2.390e-03 0.000e+00 3.035e-02
2.589e-01 2.472e-03 1.126e-01 1.767e-03 0.000e+00 3.022e-02
2.858e-01 2.036e-03 1.089e-01 1.312e-03 0.000e+00 3.011e-02
3.000e-01 1.851e-03 1.070e-01 1.136e-03 0.000e+00 3.005e-02
3.155e-01 1.676e-03 1.051e-01 9.786e-04 0.000e+00 3.008e-02
3.483e-01 1.379e-03 1.013e-01 7.332e-04 0.000e+00 3.015e-02
3.845e-01 1.134e-03 9.755e-02 5.524e-04 0.000e+00 3.021e-02
4.000e-01 1.049e-03 9.606e-02 4.941e-04 0.000e+00 3.023e-02
4.245e-01 9.324e-04 9.384e-02 4.185e-04 0.000e+00 3.023e-02
4.686e-01 7.664e-04 9.019e-02 3.194e-04 0.000e+00 3.021e-02
5.000e-01 6.737e-04 8.782e-02 2.687e-04 0.000e+00 3.020e-02
5.173e-01 6.297e-04 8.659e-02 2.458e-04 0.000e+00 3.016e-02
5.710e-01 5.174e-04 8.304e-02 1.907e-04 0.000e+00 3.003e-02
6.000e-01 4.688e-04 8.129e-02 1.683e-04 0.000e+00 2.997e-02
6.304e-01 4.249e-04 7.956e-02 1.486e-04 0.000e+00 2.983e-02
6.959e-01 3.489e-04 7.615e-02 1.166e-04 0.000e+00 2.955e-02
7.682e-01 2.865e-04 7.281e-02 9.296e-05 0.000e+00 2.928e-02
8.000e-01 2.643e-04 7.146e-02 8.527e-05 0.000e+00 2.917e-02
8.480e-01 2.353e-04 6.954e-02 7.583e-05 0.000e+00 2.891e-02
9.361e-01 1.932e-04 6.635e-02 6.196e-05 0.000e+00 2.847e-02
1.000e+00 1.693e-04 6.427e-02 5.304e-05 0.000e+00 2.818e-02
1.022e+00 1.620e-04 6.360e-02 5.014e-05 0.000e+00 2.805e-02
1.033e+00 1.586e-04 6.327e-02 4.882e-05 6.961e-09 2.799e-02
1.141e+00 1.301e-04 6.022e-02 3.973e-05 6.436e-06 2.742e-02
1.250e+00 1.084e-04 5.748e-02 3.397e-05 3.407e-05 2.691e-02
1.259e+00 1.069e-04 5.727e-02 3.355e-05 3.744e-05 2.686e-02
1.390e+00 8.770e-05 5.441e-02 2.815e-05 1.042e-04 2.621e-02
1.500e+00 7.531e-05 5.226e-02 2.456e-05 1.832e-04 2.571e-02
1.535e+00 7.192e-05 5.161e-02 2.359e-05 2.121e-04 2.555e-02
1.694e+00 5.905e-05 4.891e-02 1.996e-05 3.630e-04 2.487e-02
1.870e+00 4.847e-05 4.630e-02 1.699e-05 5.591e-04 2.421e-02
2.000e+00 4.237e-05 4.459e-02 1.527e-05 7.178e-04 2.377e-02
2.044e+00 4.057e-05 4.405e-02 1.476e-05 7.735e-04 2.362e-02
2.065e+00 3.975e-05 4.380e-02 1.452e-05 8.003e-04 2.356e-02
2.279e+00 3.263e-05 4.139e-02 1.248e-05 1.079e-03 2.292e-02
2.516e+00 2.677e-05 3.904e-02 1.078e-05 1.396e-03 2.230e-02
2.778e+00 2.196e-05 3.678e-02 9.350e-06 1.748e-03 2.169e-02
3.000e+00 1.883e-05 3.508e-02 8.394e-06 2.043e-03 2.124e-02
3.066e+00 1.803e-05 3.462e-02 8.145e-06 2.131e-03 2.112e-02
3.385e+00 1.479e-05 3.254e-02 7.114e-06 2.550e-03 2.060e-02
3.737e+00 1.214e-05 3.057e-02 6.233e-06 3.001e-03 2.010e-02
4.000e+00 1.060e-05 2.927e-02 5.701e-06 3.326e-03 1.976e-02
4.125e+00 9.965e-06 2.869e-02 5.479e-06 3.478e-03 1.963e-02
4.554e+00 8.177e-06 2.689e-02 4.827e-06 3.983e-03 1.922e-02
5.000e+00 6.783e-06 2.527e-02 4.293e-06 4.484e-03 1.885e-02
5.027e+00 6.710e-06 2.518e-02 4.265e-06 4.513e-03 1.883e-02
5.549e+00 5.507e-06 2.356e-02 3.775e-06 5.070e-03 1.851e-02
6.000e+00 4.710e-06 2.234e-02 3.433e-06 5.526e-03 1.826e-02
6.126e+00 4.519e-06 2.202e-02 3.349e-06 5.650e-03 1.821e-02
6.762e+00 3.709e-06 2.057e-02 2.977e-06 6.248e-03 1.799e-02
7.000e+00 3.461e-06 2.008e-02 2.858e-06 6.462e-03 1.791e-02
7.465e+00 3.043e-06 1.919e-02 2.650e-06 6.864e-03 1.777e-02
8.000e+00 2.649e-06 1.828e-02 2.445e-06 7.307e-03 1.762e-02
8.241e+00 2.496e-06 1.789e-02 2.363e-06 7.498e-03 1.758e-02
9.000e+00 2.093e-06 1.680e-02 2.135e-06 8.075e-03 1.747e-02
9.097e+00 2.049e-06 1.667e-02 2.109e-06 8.146e-03 1.745e-02
1.000e+01 1.695e-06 1.556e-02 1.895e-06 8.775e-03 1.733e-02
1.004e+01 1.682e-06 1.552e-02 1.887e-06 8.802e-03 1.733e-02
1.100e+01 1.401e-06 1.452e-02 1.703e-06 9.412e-03 1.728e-02
1.109e+01 1.379e-06 1.443e-02 1.687e-06 9.465e-03 1.728e-02
1.200e+01 1.178e-06 1.362e-02 1.545e-06 9.997e-03 1.724e-02
1.224e+01 1.132e-06 1.342e-02 1.511e-06 1.013e-02 1.723e-02
1.300e+01 1.003e-06 1.283e-02 1.415e-06 1.054e-02 1.720e-02
1.351e+01 9.291e-07 1.246e-02 1.357e-06 1.080e-02 1.718e-02
1.400e+01 8.652e-07 1.214e-02 1.305e-06 1.105e-02 1.717e-02
1.491e+01 7.628e-07 1.157e-02 1.218e-06 1.147e-02 1.714e-02
1.500e+01 7.537e-07 1.152e-02 1.210e-06 1.152e-02 1.714e-02
1.600e+01 6.624e-07 1.097e-02 1.128e-06 1.196e-02 1.714e-02
1.646e+01 6.259e-07 1.074e-02 1.094e-06 1.216e-02 1.714e-02
1.800e+01 5.234e-07 1.003e-02 9.935e-07 1.279e-02 1.715e-02
1.818e+01 5.130e-07 9.950e-03 9.829e-07 1.285e-02 1.716e-02
2.000e+01 4.240e-07 9.246e-03 8.876e-07 1.352e-02 1.717e-02
