# ARSENIC from NIST Database
5.730e+00 0.000e+00 0.000e+00 0.000e+00 0.000e+00 0.000e+00
3.300e+01 1.000e+00 3.500e+00 0.000e+00 0.000e+00 0.000e+00
0.000e+00 0.000e+00 0.000e+00 0.000e+00 0.000e+00 0.000e+00
1.000e-03 5.509e+00 5.811e-03 2.116e+03 0.000e+00 2.116e+03
1.020e-03 5.497e+00 6.000e-03 2.018e+03 0.000e+00 2.019e+03
1.126e-03 5.435e+00 7.040e-03 1.595e+03 0.000e+00 1.595e+03
1.243e-03 5.365e+00 8.235e-03 1.261e+03 0.000e+00 1.261e+03
1.323e-03 5.315e+00 9.067e-03 1.087e+03 0.000e+00 4.459e+03
1.323e-03 5.315e+00 9.067e-03 4.527e+03 0.000e+00 4.459e+03
1.341e-03 5.303e+00 9.250e-03 4.484e+03 0.000e+00 4.416e+03
1.359e-03 5.291e+00 9.437e-03 4.441e+03 0.000e+00 6.015e+03
1.359e-03 5.291e+00 9.437e-03 6.077e+03 0.000e+00 6.015e+03
1.372e-03 5.282e+00 9.576e-03 5.987e+03 0.000e+00 5.927e+03
1.500e-03 5.195e+00 1.090e-02 5.221e+03 0.000e+00 5.164e+03
1.515e-03 5.185e+00 1.105e-02 5.090e+03 0.000e+00 5.037e+03
1.526e-03 5.177e+00 1.117e-02 4.992e+03 0.000e+00 4.946e+03
1.526e-03 5.177e+00 1.117e-02 5.648e+03 0.000e+00 4.946e+03
1.672e-03 5.079e+00 1.268e-02 4.526e+03 0.000e+00 4.482e+03
1.846e-03 4.959e+00 1.447e-02 3.557e+03 0.000e+00 3.525e+03
2.000e-03 4.853e+00 1.604e-02 2.927e+03 0.000e+00 2.902e+03
2.038e-03 4.827e+00 1.643e-02 2.790e+03 0.000e+00 2.767e+03
2.250e-03 4.684e+00 1.854e-02 2.170e+03 0.000e+00 2.153e+03
2.483e-03 4.531e+00 2.081e-02 1.689e+03 0.000e+00 1.678e+03
2.741e-03 4.367e+00 2.324e-02 1.314e+03 0.000e+00 1.306e+03
3.000e-03 4.209e+00 2.561e-02 1.045e+03 0.000e+00 1.039e+03
3.026e-03 4.194e+00 2.584e-02 1.021e+03 0.000e+00 1.016e+03
3.341e-03 4.013e+00 2.861e-02 7.861e+02 0.000e+00 7.820e+02
3.688e-03 3.825e+00 3.152e-02 6.054e+02 0.000e+00 6.024e+02
4.000e-03 3.665e+00 3.404e-02 4.884e+02 0.000e+00 4.862e+02
4.071e-03 3.630e+00 3.460e-02 4.658e+02 0.000e+00 4.637e+02
4.494e-03 3.429e+00 3.784e-02 3.568e+02 0.000e+00 3.554e+02
4.961e-03 3.223e+00 4.124e-02 2.734e+02 0.000e+00 2.724e+02
5.000e-03 3.206e+00 4.152e-02 2.677e+02 0.000e+00 2.667e+02
5.477e-03 3.011e+00 4.482e-02 2.088e+02 0.000e+00 2.080e+02
6.000e-03 2.812e+00 4.829e-02 1.628e+02 0.000e+00 1.622e+02
6.046e-03 2.795e+00 4.859e-02 1.594e+02 0.000e+00 1.588e+02
6.675e-03 2.576e+00 5.254e-02 1.212e+02 0.000e+00 1.208e+02
7.368e-03 2.357e+00 5.667e-02 9.226e+01 0.000e+00 9.200e+01
8.000e-03 2.176e+00 6.023e-02 7.349e+01 0.000e+00 7.330e+01
8.134e-03 2.140e+00 6.096e-02 7.015e+01 0.000e+00 6.997e+01
8.979e-03 1.928e+00 6.540e-02 5.321e+01 0.000e+00 5.308e+01
9.912e-03 1.727e+00 6.995e-02 4.036e+01 0.000e+00 4.026e+01
1.000e-02 1.710e+00 7.036e-02 3.937e+01 0.000e+00 3.928e+01
1.094e-02 1.541e+00 7.454e-02 3.056e+01 0.000e+00 3.051e+01
1.187e-02 1.397e+00 7.837e-02 2.430e+01 0.000e+00 1.008e+02
1.187e-02 1.397e+00 7.837e-02 1.778e+02 0.000e+00 1.008e+02
1.208e-02 1.367e+00 7.921e-02 1.699e+02 0.000e+00 9.739e+01
1.334e-02 1.205e+00 8.391e-02 1.320e+02 0.000e+00 8.018e+01
1.472e-02 1.060e+00 8.852e-02 1.023e+02 0.000e+00 6.611e+01
1.500e-02 1.034e+00 8.938e-02 9.742e+01 0.000e+00 6.371e+01
1.625e-02 9.307e-01 9.299e-02 7.880e+01 0.000e+00 5.310e+01
1.794e-02 8.170e-01 9.725e-02 6.034e+01 0.000e+00 4.239e+01
1.980e-02 7.165e-01 1.013e-01 4.609e+01 0.000e+00 3.387e+01
2.000e-02 7.069e-01 1.017e-01 4.484e+01 0.000e+00 3.310e+01
2.186e-02 6.267e-01 1.051e-01 3.511e+01 0.000e+00 2.649e+01
2.413e-02 5.466e-01 1.086e-01 2.673e+01 0.000e+00 2.068e+01
2.664e-02 4.748e-01 1.118e-01 2.030e+01 0.000e+00 1.613e+01
2.941e-02 4.105e-01 1.147e-01 1.538e+01 0.000e+00 1.259e+01
3.000e-02 3.984e-01 1.153e-01 1.454e+01 0.000e+00 1.198e+01
3.247e-02 3.531e-01 1.173e-01 1.162e+01 0.000e+00 9.689e+00
3.584e-02 3.023e-01 1.195e-01 8.762e+00 0.000e+00 7.434e+00
3.957e-02 2.577e-01 1.214e-01 6.589e+00 0.000e+00 5.700e+00
4.000e-02 2.532e-01 1.215e-01 6.386e+00 0.000e+00 5.537e+00
4.368e-02 2.191e-01 1.228e-01 4.948e+00 0.000e+00 4.338e+00
4.822e-02 1.858e-01 1.239e-01 3.709e+00 0.000e+00 3.298e+00
5.000e-02 1.748e-01 1.242e-01 3.336e+00 0.000e+00 2.983e+00
5.323e-02 1.573e-01 1.246e-01 2.776e+00 0.000e+00 2.500e+00
5.876e-02 1.331e-01 1.249e-01 2.074e+00 0.000e+00 1.891e+00
6.000e-02 1.284e-01 1.249e-01 1.950e+00 0.000e+00 1.783e+00
6.486e-02 1.125e-01 1.248e-01 1.548e+00 0.000e+00 1.427e+00
7.161e-02 9.494e-02 1.244e-01 1.153e+00 0.000e+00 1.076e+00
7.905e-02 8.005e-02 1.237e-01 8.581e-01 0.000e+00 8.109e-01
8.000e-02 7.841e-02 1.235e-01 8.279e-01 0.000e+00 7.837e-01
8.726e-02 6.740e-02 1.226e-01 6.380e-01 0.000e+00 6.122e-01
9.633e-02 5.664e-02 1.212e-01 4.739e-01 0.000e+00 4.621e-01
1.000e-01 5.300e-02 1.206e-01 4.234e-01 0.000e+00 4.155e-01
1.063e-01 4.753e-02 1.196e-01 3.522e-01 0.000e+00 3.526e-01
1.174e-01 3.973e-02 1.178e-01 2.611e-01 0.000e+00 2.701e-01
1.296e-01 3.318e-02 1.157e-01 1.938e-01 0.000e+00 2.071e-01
1.431e-01 2.764e-02 1.134e-01 1.437e-01 0.000e+00 1.588e-01
1.500e-01 2.533e-02 1.123e-01 1.247e-01 0.000e+00 1.399e-01
1.579e-01 2.302e-02 1.110e-01 1.068e-01 0.000e+00 1.247e-01
1.743e-01 1.912e-02 1.084e-01 7.933e-02 0.000e+00 9.998e-02
1.925e-01 1.585e-02 1.057e-01 5.890e-02 0.000e+00 8.006e-02
2.000e-01 1.474e-02 1.046e-01 5.254e-02 0.000e+00 7.350e-02
2.125e-01 1.314e-02 1.028e-01 4.386e-02 0.000e+00 6.722e-02
2.345e-01 1.088e-02 9.985e-02 3.277e-02 0.000e+00 5.813e-02
2.589e-01 9.003e-03 9.681e-02 2.451e-02 0.000e+00 5.024e-02
2.858e-01 7.443e-03 9.372e-02 1.840e-02 0.000e+00 4.343e-02
3.000e-01 6.778e-03 9.219e-02 1.600e-02 0.000e+00 4.043e-02
3.155e-01 6.148e-03 9.061e-02 1.386e-02 0.000e+00 3.894e-02
3.483e-01 5.074e-03 8.748e-02 1.048e-02 0.000e+00 3.616e-02
3.845e-01 4.185e-03 8.436e-02 7.969e-03 0.000e+00 3.359e-02
4.000e-01 3.874e-03 8.311e-02 7.151e-03 0.000e+00 3.261e-02
4.245e-01 3.449e-03 8.124e-02 6.087e-03 0.000e+00 3.180e-02
4.686e-01 2.841e-03 7.815e-02 4.680e-03 0.000e+00 3.049e-02
5.000e-01 2.501e-03 7.614e-02 3.954e-03 0.000e+00 2.966e-02
5.173e-01 2.339e-03 7.509e-02 3.624e-03 0.000e+00 2.937e-02
5.710e-01 1.925e-03 7.208e-02 2.827e-03 0.000e+00 2.854e-02
6.000e-01 1.746e-03 7.058e-02 2.501e-03 0.000e+00 2.813e-02
6.304e-01 1.583e-03 6.910e-02 2.215e-03 0.000e+00 2.780e-02
6.959e-01 1.302e-03 6.617e-02 1.749e-03 0.000e+00 2.716e-02
7.682e-01 1.070e-03 6.330e-02 1.396e-03 0.000e+00 2.653e-02
8.000e-01 9.871e-04 6.213e-02 1.279e-03 0.000e+00 2.628e-02
8.480e-01 8.792e-04 6.048e-02 1.132e-03 0.000e+00 2.592e-02
9.361e-01 7.225e-04 5.772e-02 9.219e-04 0.000e+00 2.533e-02
1.000e+00 6.336e-04 5.592e-02 7.959e-04 0.000e+00 2.494e-02
1.022e+00 6.068e-04 5.533e-02 7.564e-04 0.000e+00 2.480e-02
1.033e+00 5.940e-04 5.505e-02 7.382e-04 2.166e-08 2.473e-02
1.141e+00 4.873e-04 5.241e-02 6.029e-04 1.865e-05 2.411e-02
1.250e+00 4.062e-04 5.004e-02 5.111e-04 9.308e-05 2.355e-02
1.259e+00 4.005e-04 4.986e-02 5.045e-04 1.018e-04 2.350e-02
1.390e+00 3.287e-04 4.737e-02 4.218e-04 2.691e-04 2.289e-02
1.500e+00 2.824e-04 4.550e-02 3.677e-04 4.592e-04 2.243e-02
1.535e+00 2.697e-04 4.494e-02 3.530e-04 5.279e-04 2.231e-02
1.694e+00 2.215e-04 4.261e-02 2.973e-04 8.820e-04 2.180e-02
1.870e+00 1.818e-04 4.034e-02 2.518e-04 1.335e-03 2.129e-02
2.000e+00 1.590e-04 3.885e-02 2.257e-04 1.694e-03 2.096e-02
2.044e+00 1.522e-04 3.837e-02 2.180e-04 1.818e-03 2.090e-02
2.065e+00 1.492e-04 3.815e-02 2.145e-04 1.878e-03 2.087e-02
2.279e+00 1.225e-04 3.605e-02 1.837e-04 2.496e-03 2.059e-02
2.516e+00 1.005e-04 3.401e-02 1.578e-04 3.196e-03 2.032e-02
2.778e+00 8.246e-05 3.205e-02 1.361e-04 3.971e-03 2.005e-02
3.000e+00 7.071e-05 3.058e-02 1.216e-04 4.618e-03 1.984e-02
3.066e+00 6.770e-05 3.017e-02 1.179e-04 4.807e-03 1.983e-02
3.385e+00 5.555e-05 2.836e-02 1.024e-04 5.705e-03 1.980e-02
3.737e+00 4.558e-05 2.664e-02 8.937e-05 6.654e-03 1.976e-02
4.000e+00 3.979e-05 2.550e-02 8.150e-05 7.338e-03 1.974e-02
4.125e+00 3.741e-05 2.500e-02 7.821e-05 7.656e-03 1.978e-02
4.554e+00 3.070e-05 2.344e-02 6.861e-05 8.711e-03 1.992e-02
5.000e+00 2.546e-05 2.203e-02 6.077e-05 9.749e-03 2.005e-02
5.027e+00 2.519e-05 2.195e-02 6.036e-05 9.809e-03 2.006e-02
5.549e+00 2.067e-05 2.054e-02 5.323e-05 1.094e-02 2.030e-02
6.000e+00 1.768e-05 1.948e-02 4.827e-05 1.187e-02 2.049e-02
6.126e+00 1.696e-05 1.920e-02 4.704e-05 1.212e-02 2.056e-02
6.762e+00 1.393e-05 1.793e-02 4.166e-05 1.334e-02 2.090e-02
7.000e+00 1.300e-05 1.751e-02 3.995e-05 1.377e-02 2.101e-02
7.465e+00 1.143e-05 1.673e-02 3.697e-05 1.459e-02 2.124e-02
8.000e+00 9.951e-06 1.593e-02 3.403e-05 1.548e-02 2.148e-02
8.241e+00 9.377e-06 1.560e-02 3.286e-05 1.588e-02 2.160e-02
9.000e+00 7.861e-06 1.465e-02 2.962e-05 1.705e-02 2.197e-02
9.097e+00 7.694e-06 1.453e-02 2.925e-05 1.719e-02 2.201e-02
1.000e+01 6.368e-06 1.357e-02 2.620e-05 1.847e-02 2.241e-02
1.004e+01 6.317e-06 1.353e-02 2.608e-05 1.852e-02 2.243e-02
1.100e+01 5.262e-06 1.265e-02 2.349e-05 1.976e-02 2.278e-02
1.109e+01 5.177e-06 1.258e-02 2.327e-05 1.987e-02 2.282e-02
1.200e+01 4.422e-06 1.187e-02 2.128e-05 2.094e-02 2.313e-02
1.224e+01 4.250e-06 1.170e-02 2.081e-05 2.121e-02 2.321e-02
1.300e+01 3.767e-06 1.118e-02 1.944e-05 2.203e-02 2.345e-02
1.351e+01 3.489e-06 1.086e-02 1.862e-05 2.256e-02 2.361e-02
1.400e+01 3.249e-06 1.058e-02 1.790e-05 2.304e-02 2.375e-02
1.491e+01 2.864e-06 1.009e-02 1.669e-05 2.391e-02 2.401e-02
1.500e+01 2.830e-06 1.004e-02 1.658e-05 2.399e-02 2.404e-02
1.600e+01 2.487e-06 9.565e-03 1.544e-05 2.488e-02 2.424e-02
1.646e+01 2.350e-06 9.361e-03 1.497e-05 2.528e-02 2.433e-02
1.800e+01 1.965e-06 8.737e-03 1.358e-05 2.651e-02 2.461e-02
1.818e+01 1.927e-06 8.671e-03 1.343e-05 2.664e-02 2.464e-02
2.000e+01 1.592e-06 8.062e-03 1.211e-05 2.796e-02 2.495e-02
