# BARIUM FLUORIDE from NIST Database
4.890e+00 0.000e+00 0.000e+00 0.000e+00 0.000e+00 0.000e+00
9.000e+00 1.141e-02 3.500e+00 0.000e+00 0.000e+00 0.000e+00
5.600e+01 5.704e-03 3.500e+00 0.000e+00 0.000e+00 0.000e+00
0.000e+00 0.000e+00 0.000e+00 0.000e+00 0.000e+00 0.000e+00
1.000e-03 7.025e+00 6.769e-03 7.908e+03 0.000e+00 7.891e+03
1.020e-03 7.009e+00 6.955e-03 7.558e+03 0.000e+00 7.547e+03
1.062e-03 6.974e+00 7.351e-03 6.892e+03 0.000e+00 7.718e+03
1.062e-03 6.974e+00 7.351e-03 7.737e+03 0.000e+00 7.718e+03
1.126e-03 6.922e+00 7.952e-03 6.815e+03 0.000e+00 6.799e+03
1.137e-03 6.913e+00 8.052e-03 6.677e+03 0.000e+00 6.995e+03
1.137e-03 6.913e+00 8.052e-03 7.013e+03 0.000e+00 6.995e+03
1.243e-03 6.827e+00 9.031e-03 5.786e+03 0.000e+00 5.774e+03
1.293e-03 6.786e+00 9.494e-03 5.318e+03 0.000e+00 5.512e+03
1.293e-03 6.786e+00 9.494e-03 5.528e+03 0.000e+00 5.512e+03
1.372e-03 6.719e+00 1.025e-02 4.831e+03 0.000e+00 4.820e+03
1.500e-03 6.609e+00 1.150e-02 3.946e+03 0.000e+00 3.940e+03
1.515e-03 6.596e+00 1.165e-02 3.855e+03 0.000e+00 3.849e+03
1.672e-03 6.462e+00 1.320e-02 3.058e+03 0.000e+00 3.052e+03
1.846e-03 6.316e+00 1.493e-02 2.422e+03 0.000e+00 2.418e+03
2.000e-03 6.188e+00 1.647e-02 2.006e+03 0.000e+00 2.003e+03
2.038e-03 6.157e+00 1.685e-02 1.915e+03 0.000e+00 1.912e+03
2.250e-03 5.983e+00 1.899e-02 1.501e+03 0.000e+00 1.498e+03
2.483e-03 5.795e+00 2.134e-02 1.177e+03 0.000e+00 1.175e+03
2.741e-03 5.591e+00 2.394e-02 9.225e+02 0.000e+00 9.211e+02
3.000e-03 5.391e+00 2.651e-02 7.383e+02 0.000e+00 7.375e+02
3.026e-03 5.371e+00 2.677e-02 7.223e+02 0.000e+00 7.215e+02
3.341e-03 5.136e+00 2.983e-02 5.614e+02 0.000e+00 5.607e+02
3.688e-03 4.891e+00 3.310e-02 4.366e+02 0.000e+00 4.361e+02
4.000e-03 4.685e+00 3.593e-02 3.550e+02 0.000e+00 3.547e+02
4.071e-03 4.640e+00 3.656e-02 3.392e+02 0.000e+00 3.389e+02
4.494e-03 4.385e+00 4.018e-02 2.625e+02 0.000e+00 2.622e+02
4.961e-03 4.124e+00 4.391e-02 2.031e+02 0.000e+00 2.029e+02
5.000e-03 4.103e+00 4.421e-02 1.990e+02 0.000e+00 1.989e+02
5.247e-03 3.974e+00 4.606e-02 1.755e+02 0.000e+00 4.577e+02
5.247e-03 3.974e+00 4.606e-02 4.857e+02 0.000e+00 4.577e+02
5.477e-03 3.863e+00 4.772e-02 4.381e+02 0.000e+00 4.146e+02
5.624e-03 3.791e+00 4.875e-02 4.110e+02 0.000e+00 5.178e+02
5.624e-03 3.791e+00 4.875e-02 5.556e+02 0.000e+00 5.178e+02
5.803e-03 3.701e+00 4.997e-02 5.141e+02 0.000e+00 4.808e+02
5.989e-03 3.623e+00 5.119e-02 4.756e+02 0.000e+00 5.103e+02
5.989e-03 3.623e+00 5.119e-02 5.477e+02 0.000e+00 5.103e+02
6.000e-03 3.619e+00 5.126e-02 5.449e+02 0.000e+00 5.080e+02
6.046e-03 3.604e+00 5.156e-02 5.344e+02 0.000e+00 4.985e+02
6.675e-03 3.368e+00 5.542e-02 4.153e+02 0.000e+00 3.896e+02
7.368e-03 3.098e+00 5.926e-02 3.228e+02 0.000e+00 3.047e+02
8.000e-03 2.874e+00 6.247e-02 2.617e+02 0.000e+00 2.483e+02
8.134e-03 2.831e+00 6.311e-02 2.505e+02 0.000e+00 2.378e+02
8.979e-03 2.585e+00 6.698e-02 1.929e+02 0.000e+00 1.840e+02
9.912e-03 2.356e+00 7.086e-02 1.485e+02 0.000e+00 1.423e+02
1.000e-02 2.336e+00 7.120e-02 1.451e+02 0.000e+00 1.391e+02
1.094e-02 2.138e+00 7.472e-02 1.139e+02 0.000e+00 1.095e+02
1.208e-02 1.932e+00 7.857e-02 8.716e+01 0.000e+00 8.409e+01
1.334e-02 1.739e+00 8.237e-02 6.671e+01 0.000e+00 6.457e+01
1.472e-02 1.562e+00 8.605e-02 5.116e+01 0.000e+00 4.968e+01
1.500e-02 1.530e+00 8.674e-02 4.863e+01 0.000e+00 4.725e+01
1.625e-02 1.399e+00 8.964e-02 3.903e+01 0.000e+00 3.799e+01
1.794e-02 1.249e+00 9.309e-02 2.974e+01 0.000e+00 2.901e+01
1.980e-02 1.110e+00 9.636e-02 2.268e+01 0.000e+00 2.217e+01
2.000e-02 1.096e+00 9.668e-02 2.206e+01 0.000e+00 2.157e+01
2.186e-02 9.784e-01 9.946e-02 1.721e+01 0.000e+00 1.686e+01
2.413e-02 8.574e-01 1.023e-01 1.307e+01 0.000e+00 1.282e+01
2.664e-02 7.471e-01 1.050e-01 9.914e+00 0.000e+00 9.739e+00
2.941e-02 6.480e-01 1.074e-01 7.522e+00 0.000e+00 7.402e+00
3.000e-02 6.294e-01 1.079e-01 7.117e+00 0.000e+00 7.005e+00
3.247e-02 5.599e-01 1.096e-01 5.694e+00 0.000e+00 5.610e+00
3.584e-02 4.829e-01 1.114e-01 4.310e+00 0.000e+00 4.253e+00
3.744e-02 4.522e-01 1.122e-01 3.810e+00 0.000e+00 7.348e+00
3.744e-02 4.522e-01 1.122e-01 2.237e+01 0.000e+00 7.348e+00
3.957e-02 4.160e-01 1.131e-01 1.933e+01 0.000e+00 7.012e+00
4.000e-02 4.093e-01 1.132e-01 1.878e+01 0.000e+00 6.948e+00
4.368e-02 3.581e-01 1.144e-01 1.491e+01 0.000e+00 6.165e+00
4.822e-02 3.076e-01 1.154e-01 1.150e+01 0.000e+00 5.389e+00
5.000e-02 2.907e-01 1.157e-01 1.044e+01 0.000e+00 5.130e+00
5.323e-02 2.636e-01 1.161e-01 8.826e+00 0.000e+00 4.568e+00
5.876e-02 2.252e-01 1.166e-01 6.748e+00 0.000e+00 3.803e+00
6.000e-02 2.177e-01 1.166e-01 6.374e+00 0.000e+00 3.659e+00
6.486e-02 1.916e-01 1.167e-01 5.151e+00 0.000e+00 3.092e+00
7.161e-02 1.624e-01 1.165e-01 3.925e+00 0.000e+00 2.496e+00
7.905e-02 1.372e-01 1.160e-01 2.987e+00 0.000e+00 2.016e+00
8.000e-02 1.344e-01 1.159e-01 2.889e+00 0.000e+00 1.965e+00
8.726e-02 1.156e-01 1.152e-01 2.268e+00 0.000e+00 1.598e+00
9.633e-02 9.725e-02 1.141e-01 1.719e+00 0.000e+00 1.264e+00
1.000e-01 9.107e-02 1.136e-01 1.547e+00 0.000e+00 1.157e+00
1.063e-01 8.178e-02 1.127e-01 1.303e+00 0.000e+00 9.928e-01
1.174e-01 6.860e-02 1.111e-01 9.836e-01 0.000e+00 7.748e-01
1.296e-01 5.754e-02 1.092e-01 7.432e-01 0.000e+00 6.056e-01
1.431e-01 4.820e-02 1.072e-01 5.610e-01 0.000e+00 4.733e-01
1.500e-01 4.428e-02 1.061e-01 4.908e-01 0.000e+00 4.211e-01
1.579e-01 4.037e-02 1.050e-01 4.242e-01 0.000e+00 3.710e-01
1.743e-01 3.375e-02 1.026e-01 3.204e-01 0.000e+00 2.909e-01
1.925e-01 2.814e-02 1.000e-01 2.419e-01 0.000e+00 2.281e-01
2.000e-01 2.623e-02 9.904e-02 2.171e-01 0.000e+00 2.079e-01
2.125e-01 2.345e-02 9.742e-02 1.830e-01 0.000e+00 1.819e-01
2.345e-01 1.952e-02 9.471e-02 1.388e-01 0.000e+00 1.466e-01
2.589e-01 1.621e-02 9.192e-02 1.053e-01 0.000e+00 1.183e-01
2.858e-01 1.345e-02 8.908e-02 8.014e-02 0.000e+00 9.577e-02
3.000e-01 1.226e-02 8.767e-02 7.017e-02 0.000e+00 8.644e-02
3.155e-01 1.114e-02 8.620e-02 6.118e-02 0.000e+00 7.948e-02
3.483e-01 9.225e-03 8.329e-02 4.686e-02 0.000e+00 6.754e-02
3.845e-01 7.629e-03 8.038e-02 3.605e-02 0.000e+00 5.756e-02
4.000e-01 7.070e-03 7.921e-02 3.250e-02 0.000e+00 5.404e-02
4.245e-01 6.302e-03 7.747e-02 2.785e-02 0.000e+00 5.032e-02
4.686e-01 5.204e-03 7.457e-02 2.164e-02 0.000e+00 4.477e-02
5.000e-01 4.588e-03 7.268e-02 1.839e-02 0.000e+00 4.151e-02
5.173e-01 4.295e-03 7.170e-02 1.690e-02 0.000e+00 4.028e-02
5.710e-01 3.544e-03 6.885e-02 1.329e-02 0.000e+00 3.694e-02
6.000e-01 3.217e-03 6.743e-02 1.180e-02 0.000e+00 3.539e-02
6.304e-01 2.921e-03 6.602e-02 1.050e-02 0.000e+00 3.429e-02
6.959e-01 2.407e-03 6.324e-02 8.361e-03 0.000e+00 3.220e-02
7.682e-01 1.982e-03 6.052e-02 6.698e-03 0.000e+00 3.026e-02
8.000e-01 1.830e-03 5.942e-02 6.127e-03 0.000e+00 2.951e-02
8.480e-01 1.631e-03 5.788e-02 5.401e-03 0.000e+00 2.870e-02
9.361e-01 1.342e-03 5.528e-02 4.384e-03 0.000e+00 2.739e-02
1.000e+00 1.178e-03 5.353e-02 3.828e-03 0.000e+00 2.654e-02
1.022e+00 1.129e-03 5.294e-02 3.663e-03 0.000e+00 2.630e-02
1.033e+00 1.105e-03 5.266e-02 3.585e-03 4.027e-08 2.619e-02
1.141e+00 9.077e-04 5.014e-02 2.944e-03 3.357e-05 2.512e-02
1.250e+00 7.574e-04 4.792e-02 2.471e-03 1.626e-04 2.418e-02
1.259e+00 7.467e-04 4.775e-02 2.437e-03 1.775e-04 2.412e-02
1.390e+00 6.134e-04 4.537e-02 2.029e-03 4.545e-04 2.328e-02
1.500e+00 5.272e-04 4.357e-02 1.768e-03 7.557e-04 2.266e-02
1.535e+00 5.035e-04 4.304e-02 1.696e-03 8.615e-04 2.252e-02
1.694e+00 4.138e-04 4.080e-02 1.425e-03 1.388e-03 2.195e-02
1.870e+00 3.398e-04 3.864e-02 1.202e-03 2.031e-03 2.140e-02
2.000e+00 2.972e-04 3.721e-02 1.074e-03 2.530e-03 2.103e-02
2.044e+00 2.846e-04 3.675e-02 1.037e-03 2.701e-03 2.099e-02
2.065e+00 2.789e-04 3.654e-02 1.019e-03 2.783e-03 2.097e-02
2.279e+00 2.291e-04 3.452e-02 8.693e-04 3.619e-03 2.078e-02
2.516e+00 1.881e-04 3.257e-02 7.438e-04 4.537e-03 2.059e-02
2.778e+00 1.543e-04 3.070e-02 6.388e-04 5.527e-03 2.041e-02
3.000e+00 1.323e-04 2.929e-02 5.690e-04 6.341e-03 2.027e-02
3.066e+00 1.267e-04 2.890e-02 5.509e-04 6.578e-03 2.029e-02
3.385e+00 1.040e-04 2.718e-02 4.767e-04 7.695e-03 2.041e-02
3.737e+00 8.532e-05 2.553e-02 4.139e-04 8.868e-03 2.053e-02
4.000e+00 7.448e-05 2.444e-02 3.763e-04 9.708e-03 2.062e-02
4.125e+00 7.004e-05 2.396e-02 3.606e-04 1.010e-02 2.070e-02
4.554e+00 5.749e-05 2.246e-02 3.149e-04 1.137e-02 2.099e-02
5.000e+00 4.770e-05 2.111e-02 2.779e-04 1.262e-02 2.128e-02
5.027e+00 4.719e-05 2.103e-02 2.759e-04 1.269e-02 2.130e-02
5.549e+00 3.873e-05 1.968e-02 2.423e-04 1.406e-02 2.168e-02
6.000e+00 3.312e-05 1.866e-02 2.191e-04 1.515e-02 2.199e-02
6.126e+00 3.177e-05 1.839e-02 2.134e-04 1.545e-02 2.209e-02
6.762e+00 2.608e-05 1.718e-02 1.883e-04 1.689e-02 2.255e-02
7.000e+00 2.434e-05 1.677e-02 1.803e-04 1.740e-02 2.271e-02
7.465e+00 2.140e-05 1.603e-02 1.665e-04 1.837e-02 2.302e-02
8.000e+00 1.864e-05 1.527e-02 1.529e-04 1.942e-02 2.337e-02
8.241e+00 1.756e-05 1.495e-02 1.475e-04 1.988e-02 2.352e-02
9.000e+00 1.472e-05 1.403e-02 1.326e-04 2.127e-02 2.397e-02
9.097e+00 1.441e-05 1.392e-02 1.309e-04 2.144e-02 2.403e-02
1.000e+01 1.193e-05 1.300e-02 1.169e-04 2.295e-02 2.454e-02
1.004e+01 1.183e-05 1.296e-02 1.164e-04 2.302e-02 2.455e-02
1.100e+01 9.857e-06 1.213e-02 1.045e-04 2.451e-02 2.498e-02
1.109e+01 9.698e-06 1.206e-02 1.035e-04 2.465e-02 2.502e-02
1.200e+01 8.283e-06 1.137e-02 9.450e-05 2.596e-02 2.540e-02
1.224e+01 7.962e-06 1.120e-02 9.237e-05 2.628e-02 2.550e-02
1.300e+01 7.058e-06 1.071e-02 8.618e-05 2.730e-02 2.579e-02
1.351e+01 6.535e-06 1.041e-02 8.246e-05 2.795e-02 2.599e-02
1.400e+01 6.086e-06 1.014e-02 7.917e-05 2.854e-02 2.616e-02
1.491e+01 5.367e-06 9.667e-03 7.373e-05 2.959e-02 2.649e-02
1.500e+01 5.303e-06 9.623e-03 7.323e-05 2.969e-02 2.652e-02
1.600e+01 4.659e-06 9.164e-03 6.811e-05 3.076e-02 2.672e-02
1.646e+01 4.401e-06 8.968e-03 6.598e-05 3.123e-02 2.681e-02
1.800e+01 3.680e-06 8.375e-03 5.972e-05 3.271e-02 2.709e-02
1.818e+01 3.608e-06 8.311e-03 5.907e-05 3.287e-02 2.712e-02
2.000e+01 2.982e-06 7.725e-03 5.320e-05 3.445e-02 2.743e-02
