# CALCIUM OXIDE from NIST Database
3.300e+00 0.000e+00 0.000e+00 0.000e+00 0.000e+00 0.000e+00
8.000e+00 1.783e-02 3.500e+00 0.000e+00 0.000e+00 0.000e+00
2.000e+01 1.783e-02 3.500e+00 0.000e+00 0.000e+00 0.000e+00
0.000e+00 0.000e+00 0.000e+00 0.000e+00 0.000e+00 0.000e+00
1.000e-03 2.989e+00 1.311e-02 4.784e+03 0.000e+00 4.780e+03
1.020e-03 2.977e+00 1.345e-02 4.544e+03 0.000e+00 4.539e+03
1.126e-03 2.917e+00 1.529e-02 3.515e+03 0.000e+00 3.509e+03
1.243e-03 2.856e+00 1.735e-02 2.718e+03 0.000e+00 2.713e+03
1.372e-03 2.791e+00 1.964e-02 2.101e+03 0.000e+00 2.098e+03
1.500e-03 2.726e+00 2.188e-02 1.664e+03 0.000e+00 1.663e+03
1.515e-03 2.719e+00 2.214e-02 1.620e+03 0.000e+00 1.619e+03
1.672e-03 2.640e+00 2.482e-02 1.243e+03 0.000e+00 1.242e+03
1.846e-03 2.553e+00 2.772e-02 9.526e+02 0.000e+00 9.514e+02
2.000e-03 2.478e+00 3.027e-02 7.674e+02 0.000e+00 7.669e+02
2.038e-03 2.460e+00 3.090e-02 7.288e+02 0.000e+00 7.282e+02
2.250e-03 2.361e+00 3.442e-02 5.552e+02 0.000e+00 5.544e+02
2.483e-03 2.258e+00 3.825e-02 4.233e+02 0.000e+00 4.226e+02
2.741e-03 2.149e+00 4.244e-02 3.222e+02 0.000e+00 3.218e+02
3.000e-03 2.046e+00 4.654e-02 2.511e+02 0.000e+00 2.510e+02
3.026e-03 2.036e+00 4.695e-02 2.451e+02 0.000e+00 2.450e+02
3.341e-03 1.919e+00 5.175e-02 1.856e+02 0.000e+00 1.855e+02
3.688e-03 1.796e+00 5.680e-02 1.406e+02 0.000e+00 1.405e+02
4.000e-03 1.689e+00 6.110e-02 1.119e+02 0.000e+00 1.119e+02
4.038e-03 1.677e+00 6.161e-02 1.090e+02 0.000e+00 6.607e+02
4.038e-03 1.677e+00 6.161e-02 7.555e+02 0.000e+00 6.607e+02
4.071e-03 1.666e+00 6.205e-02 7.406e+02 0.000e+00 6.480e+02
4.494e-03 1.538e+00 6.749e-02 5.800e+02 0.000e+00 5.122e+02
4.961e-03 1.416e+00 7.306e-02 4.518e+02 0.000e+00 4.049e+02
5.000e-03 1.406e+00 7.351e-02 4.428e+02 0.000e+00 3.975e+02
5.477e-03 1.295e+00 7.867e-02 3.487e+02 0.000e+00 3.151e+02
6.000e-03 1.189e+00 8.381e-02 2.733e+02 0.000e+00 2.498e+02
6.046e-03 1.180e+00 8.423e-02 2.678e+02 0.000e+00 2.448e+02
6.675e-03 1.072e+00 8.970e-02 2.053e+02 0.000e+00 1.889e+02
7.368e-03 9.729e-01 9.500e-02 1.573e+02 0.000e+00 1.458e+02
8.000e-03 8.961e-01 9.927e-02 1.257e+02 0.000e+00 1.175e+02
8.134e-03 8.813e-01 1.001e-01 1.201e+02 0.000e+00 1.123e+02
8.979e-03 7.973e-01 1.050e-01 9.141e+01 0.000e+00 8.587e+01
9.912e-03 7.198e-01 1.097e-01 6.933e+01 0.000e+00 6.564e+01
1.000e-02 7.131e-01 1.101e-01 6.763e+01 0.000e+00 6.408e+01
1.094e-02 6.479e-01 1.142e-01 5.249e+01 0.000e+00 4.977e+01
1.208e-02 5.805e-01 1.186e-01 3.960e+01 0.000e+00 3.766e+01
1.334e-02 5.174e-01 1.229e-01 2.981e+01 0.000e+00 2.849e+01
1.472e-02 4.585e-01 1.269e-01 2.243e+01 0.000e+00 2.160e+01
1.500e-02 4.477e-01 1.277e-01 2.124e+01 0.000e+00 2.048e+01
1.625e-02 4.032e-01 1.309e-01 1.683e+01 0.000e+00 1.624e+01
1.794e-02 3.521e-01 1.346e-01 1.260e+01 0.000e+00 1.219e+01
1.980e-02 3.059e-01 1.381e-01 9.417e+00 0.000e+00 9.159e+00
2.000e-02 3.014e-01 1.385e-01 9.141e+00 0.000e+00 8.896e+00
2.186e-02 2.643e-01 1.413e-01 7.020e+00 0.000e+00 6.831e+00
2.413e-02 2.276e-01 1.441e-01 5.227e+00 0.000e+00 5.094e+00
2.664e-02 1.953e-01 1.465e-01 3.883e+00 0.000e+00 3.797e+00
2.941e-02 1.673e-01 1.485e-01 2.880e+00 0.000e+00 2.831e+00
3.000e-02 1.621e-01 1.489e-01 2.712e+00 0.000e+00 2.669e+00
3.247e-02 1.430e-01 1.501e-01 2.133e+00 0.000e+00 2.102e+00
3.584e-02 1.221e-01 1.513e-01 1.579e+00 0.000e+00 1.561e+00
3.957e-02 1.040e-01 1.521e-01 1.166e+00 0.000e+00 1.158e+00
4.000e-02 1.022e-01 1.521e-01 1.128e+00 0.000e+00 1.121e+00
4.368e-02 8.855e-02 1.525e-01 8.599e-01 0.000e+00 8.593e-01
4.822e-02 7.520e-02 1.525e-01 6.335e-01 0.000e+00 6.377e-01
5.000e-02 7.079e-02 1.525e-01 5.662e-01 0.000e+00 5.716e-01
5.323e-02 6.372e-02 1.522e-01 4.663e-01 0.000e+00 4.744e-01
5.876e-02 5.385e-02 1.516e-01 3.429e-01 0.000e+00 3.535e-01
6.000e-02 5.195e-02 1.514e-01 3.213e-01 0.000e+00 3.322e-01
6.486e-02 4.539e-02 1.506e-01 2.519e-01 0.000e+00 2.661e-01
7.161e-02 3.813e-02 1.492e-01 1.848e-01 0.000e+00 2.009e-01
7.905e-02 3.196e-02 1.476e-01 1.355e-01 0.000e+00 1.520e-01
8.000e-02 3.128e-02 1.473e-01 1.305e-01 0.000e+00 1.470e-01
8.726e-02 2.673e-02 1.456e-01 9.934e-02 0.000e+00 1.181e-01
9.633e-02 2.230e-02 1.434e-01 7.280e-02 0.000e+00 9.238e-02
1.000e-01 2.081e-02 1.425e-01 6.472e-02 0.000e+00 8.426e-02
1.063e-01 1.859e-02 1.409e-01 5.340e-02 0.000e+00 7.552e-02
1.174e-01 1.545e-02 1.382e-01 3.907e-02 0.000e+00 6.340e-02
1.296e-01 1.283e-02 1.353e-01 2.864e-02 0.000e+00 5.349e-02
1.431e-01 1.064e-02 1.321e-01 2.098e-02 0.000e+00 4.534e-02
1.500e-01 9.730e-03 1.306e-01 1.810e-02 0.000e+00 4.200e-02
1.579e-01 8.825e-03 1.289e-01 1.542e-02 0.000e+00 4.031e-02
1.743e-01 7.306e-03 1.255e-01 1.133e-02 0.000e+00 3.732e-02
1.925e-01 6.038e-03 1.220e-01 8.326e-03 0.000e+00 3.461e-02
2.000e-01 5.609e-03 1.206e-01 7.399e-03 0.000e+00 3.365e-02
2.125e-01 4.989e-03 1.184e-01 6.139e-03 0.000e+00 3.317e-02
2.345e-01 4.121e-03 1.148e-01 4.542e-03 0.000e+00 3.242e-02
2.589e-01 3.399e-03 1.111e-01 3.366e-03 0.000e+00 3.170e-02
2.858e-01 2.802e-03 1.074e-01 2.505e-03 0.000e+00 3.102e-02
3.000e-01 2.548e-03 1.055e-01 2.170e-03 0.000e+00 3.069e-02
3.155e-01 2.309e-03 1.037e-01 1.871e-03 0.000e+00 3.062e-02
3.483e-01 1.901e-03 9.995e-02 1.405e-03 0.000e+00 3.048e-02
3.845e-01 1.564e-03 9.627e-02 1.060e-03 0.000e+00 3.035e-02
4.000e-01 1.447e-03 9.481e-02 9.486e-04 0.000e+00 3.029e-02
4.245e-01 1.286e-03 9.263e-02 8.043e-04 0.000e+00 3.023e-02
4.686e-01 1.058e-03 8.905e-02 6.148e-04 0.000e+00 3.012e-02
5.000e-01 9.299e-04 8.672e-02 5.176e-04 0.000e+00 3.005e-02
5.173e-01 8.692e-04 8.550e-02 4.736e-04 0.000e+00 2.999e-02
5.710e-01 7.144e-04 8.201e-02 3.677e-04 0.000e+00 2.982e-02
6.000e-01 6.474e-04 8.028e-02 3.245e-04 0.000e+00 2.973e-02
6.304e-01 5.868e-04 7.858e-02 2.868e-04 0.000e+00 2.957e-02
6.959e-01 4.820e-04 7.521e-02 2.254e-04 0.000e+00 2.927e-02
7.682e-01 3.959e-04 7.192e-02 1.798e-04 0.000e+00 2.897e-02
8.000e-01 3.651e-04 7.059e-02 1.648e-04 0.000e+00 2.885e-02
8.480e-01 3.250e-04 6.869e-02 1.464e-04 0.000e+00 2.858e-02
9.361e-01 2.668e-04 6.555e-02 1.194e-04 0.000e+00 2.813e-02
1.000e+00 2.339e-04 6.350e-02 1.025e-04 0.000e+00 2.784e-02
1.022e+00 2.240e-04 6.283e-02 9.701e-05 0.000e+00 2.771e-02
1.033e+00 2.193e-04 6.251e-02 9.453e-05 9.216e-09 2.765e-02
1.141e+00 1.799e-04 5.950e-02 7.701e-05 8.390e-06 2.707e-02
1.250e+00 1.498e-04 5.680e-02 6.569e-05 4.387e-05 2.655e-02
1.259e+00 1.477e-04 5.659e-02 6.487e-05 4.816e-05 2.651e-02
1.390e+00 1.212e-04 5.375e-02 5.439e-05 1.327e-04 2.586e-02
1.500e+00 1.041e-04 5.162e-02 4.746e-05 2.323e-04 2.537e-02
1.535e+00 9.941e-05 5.099e-02 4.558e-05 2.687e-04 2.522e-02
1.694e+00 8.163e-05 4.835e-02 3.851e-05 4.590e-04 2.457e-02
1.870e+00 6.699e-05 4.577e-02 3.275e-05 7.071e-04 2.394e-02
2.000e+00 5.858e-05 4.406e-02 2.942e-05 9.082e-04 2.351e-02
2.044e+00 5.609e-05 4.351e-02 2.843e-05 9.787e-04 2.339e-02
2.065e+00 5.496e-05 4.326e-02 2.798e-05 1.013e-03 2.333e-02
2.279e+00 4.513e-05 4.085e-02 2.405e-05 1.364e-03 2.276e-02
2.516e+00 3.703e-05 3.855e-02 2.074e-05 1.760e-03 2.220e-02
2.778e+00 3.037e-05 3.633e-02 1.796e-05 2.198e-03 2.165e-02
3.000e+00 2.604e-05 3.467e-02 1.611e-05 2.565e-03 2.124e-02
3.066e+00 2.493e-05 3.421e-02 1.562e-05 2.674e-03 2.115e-02
3.385e+00 2.046e-05 3.217e-02 1.363e-05 3.193e-03 2.072e-02
3.737e+00 1.679e-05 3.022e-02 1.193e-05 3.753e-03 2.031e-02
4.000e+00 1.466e-05 2.893e-02 1.090e-05 4.158e-03 2.003e-02
4.125e+00 1.378e-05 2.835e-02 1.047e-05 4.345e-03 1.994e-02
4.554e+00 1.131e-05 2.657e-02 9.221e-06 4.969e-03 1.964e-02
5.000e+00 9.377e-06 2.497e-02 8.195e-06 5.587e-03 1.936e-02
5.027e+00 9.277e-06 2.488e-02 8.140e-06 5.623e-03 1.935e-02
5.549e+00 7.614e-06 2.329e-02 7.202e-06 6.311e-03 1.915e-02
6.000e+00 6.512e-06 2.208e-02 6.546e-06 6.874e-03 1.900e-02
6.126e+00 6.247e-06 2.177e-02 6.383e-06 7.025e-03 1.897e-02
6.762e+00 5.127e-06 2.033e-02 5.669e-06 7.761e-03 1.887e-02
7.000e+00 4.784e-06 1.985e-02 5.441e-06 8.023e-03 1.884e-02
7.465e+00 4.207e-06 1.897e-02 5.043e-06 8.519e-03 1.877e-02
8.000e+00 3.663e-06 1.806e-02 4.651e-06 9.063e-03 1.870e-02
8.241e+00 3.452e-06 1.768e-02 4.494e-06 9.299e-03 1.870e-02
9.000e+00 2.894e-06 1.660e-02 4.059e-06 1.001e-02 1.869e-02
9.097e+00 2.833e-06 1.647e-02 4.009e-06 1.009e-02 1.869e-02
1.000e+01 2.345e-06 1.538e-02 3.599e-06 1.086e-02 1.868e-02
1.004e+01 2.326e-06 1.534e-02 3.583e-06 1.089e-02 1.868e-02
1.100e+01 1.938e-06 1.435e-02 3.233e-06 1.165e-02 1.873e-02
1.109e+01 1.906e-06 1.426e-02 3.203e-06 1.171e-02 1.874e-02
1.200e+01 1.628e-06 1.345e-02 2.934e-06 1.236e-02 1.878e-02
1.224e+01 1.565e-06 1.326e-02 2.870e-06 1.253e-02 1.879e-02
1.300e+01 1.388e-06 1.268e-02 2.685e-06 1.303e-02 1.882e-02
1.351e+01 1.284e-06 1.232e-02 2.573e-06 1.335e-02 1.885e-02
1.400e+01 1.196e-06 1.199e-02 2.474e-06 1.364e-02 1.887e-02
1.491e+01 1.055e-06 1.144e-02 2.310e-06 1.417e-02 1.890e-02
1.500e+01 1.042e-06 1.138e-02 2.295e-06 1.422e-02 1.891e-02
1.600e+01 9.159e-07 1.084e-02 2.139e-06 1.477e-02 1.897e-02
1.646e+01 8.654e-07 1.061e-02 2.074e-06 1.501e-02 1.899e-02
1.800e+01 7.236e-07 9.909e-03 1.882e-06 1.577e-02 1.907e-02
1.818e+01 7.093e-07 9.834e-03 1.862e-06 1.585e-02 1.908e-02
2.000e+01 5.861e-07 9.138e-03 1.681e-06 1.666e-02 1.917e-02
