# CESIUM from NIST Database
1.873e+00 0.000e+00 0.000e+00 0.000e+00 0.000e+00 0.000e+00
5.500e+01 1.000e+00 3.500e+00 0.000e+00 0.000e+00 0.000e+00
0.000e+00 0.000e+00 0.000e+00 0.000e+00 0.000e+00 0.000e+00
1.000e-03 8.550e+00 5.881e-03 9.357e+03 0.000e+00 9.343e+03
1.020e-03 8.532e+00 6.038e-03 8.979e+03 0.000e+00 8.968e+03
1.065e-03 8.491e+00 6.393e-03 8.206e+03 0.000e+00 8.663e+03
1.065e-03 8.491e+00 6.393e-03 8.677e+03 0.000e+00 8.663e+03
1.126e-03 8.434e+00 6.875e-03 7.730e+03 0.000e+00 7.735e+03
1.217e-03 8.346e+00 7.594e-03 6.579e+03 0.000e+00 6.870e+03
1.217e-03 8.346e+00 7.594e-03 6.883e+03 0.000e+00 6.870e+03
1.243e-03 8.321e+00 7.800e-03 6.568e+03 0.000e+00 6.556e+03
1.372e-03 8.198e+00 8.829e-03 5.275e+03 0.000e+00 5.267e+03
1.500e-03 8.074e+00 9.864e-03 4.327e+03 0.000e+00 4.322e+03
1.515e-03 8.060e+00 9.987e-03 4.228e+03 0.000e+00 4.223e+03
1.672e-03 7.905e+00 1.128e-02 3.363e+03 0.000e+00 3.359e+03
1.846e-03 7.731e+00 1.272e-02 2.672e+03 0.000e+00 2.669e+03
2.000e-03 7.576e+00 1.399e-02 2.218e+03 0.000e+00 2.216e+03
2.038e-03 7.538e+00 1.431e-02 2.118e+03 0.000e+00 2.117e+03
2.250e-03 7.326e+00 1.605e-02 1.664e+03 0.000e+00 1.663e+03
2.483e-03 7.094e+00 1.794e-02 1.309e+03 0.000e+00 1.308e+03
2.741e-03 6.842e+00 2.000e-02 1.028e+03 0.000e+00 1.028e+03
3.000e-03 6.593e+00 2.203e-02 8.251e+02 0.000e+00 8.246e+02
3.026e-03 6.568e+00 2.224e-02 8.074e+02 0.000e+00 8.069e+02
3.341e-03 6.278e+00 2.465e-02 6.291e+02 0.000e+00 6.287e+02
3.688e-03 5.983e+00 2.721e-02 4.904e+02 0.000e+00 4.901e+02
4.000e-03 5.745e+00 2.941e-02 3.997e+02 0.000e+00 3.994e+02
4.071e-03 5.695e+00 2.989e-02 3.820e+02 0.000e+00 3.817e+02
4.494e-03 5.407e+00 3.267e-02 2.963e+02 0.000e+00 2.961e+02
4.961e-03 5.073e+00 3.558e-02 2.299e+02 0.000e+00 2.297e+02
5.000e-03 5.043e+00 3.582e-02 2.253e+02 0.000e+00 2.251e+02
5.012e-03 5.034e+00 3.589e-02 2.240e+02 0.000e+00 6.248e+02
5.012e-03 5.034e+00 3.589e-02 6.625e+02 0.000e+00 6.248e+02
5.183e-03 4.921e+00 3.690e-02 6.088e+02 0.000e+00 5.763e+02
5.359e-03 4.821e+00 3.791e-02 5.596e+02 0.000e+00 7.142e+02
5.359e-03 4.821e+00 3.791e-02 7.644e+02 0.000e+00 7.142e+02
5.477e-03 4.754e+00 3.856e-02 7.239e+02 0.000e+00 6.777e+02
5.714e-03 4.617e+00 3.985e-02 6.511e+02 0.000e+00 7.015e+02
5.714e-03 4.617e+00 3.985e-02 7.499e+02 0.000e+00 7.015e+02
6.000e-03 4.459e+00 4.137e-02 6.665e+02 0.000e+00 6.253e+02
6.046e-03 4.434e+00 4.161e-02 6.536e+02 0.000e+00 6.134e+02
6.675e-03 4.116e+00 4.476e-02 5.066e+02 0.000e+00 4.780e+02
7.368e-03 3.804e+00 4.800e-02 3.929e+02 0.000e+00 3.727e+02
8.000e-03 3.548e+00 5.079e-02 3.179e+02 0.000e+00 3.029e+02
8.134e-03 3.497e+00 5.137e-02 3.042e+02 0.000e+00 2.901e+02
8.979e-03 3.197e+00 5.490e-02 2.343e+02 0.000e+00 2.245e+02
9.912e-03 2.911e+00 5.857e-02 1.805e+02 0.000e+00 1.736e+02
1.000e-02 2.886e+00 5.890e-02 1.764e+02 0.000e+00 1.697e+02
1.094e-02 2.642e+00 6.234e-02 1.384e+02 0.000e+00 1.335e+02
1.208e-02 2.390e+00 6.619e-02 1.059e+02 0.000e+00 1.025e+02
1.334e-02 2.154e+00 7.007e-02 8.107e+01 0.000e+00 7.867e+01
1.472e-02 1.938e+00 7.390e-02 6.217e+01 0.000e+00 6.050e+01
1.500e-02 1.899e+00 7.463e-02 5.909e+01 0.000e+00 5.753e+01
1.625e-02 1.737e+00 7.767e-02 4.741e+01 0.000e+00 4.624e+01
1.794e-02 1.551e+00 8.133e-02 3.611e+01 0.000e+00 3.529e+01
1.980e-02 1.376e+00 8.484e-02 2.753e+01 0.000e+00 2.696e+01
2.000e-02 1.359e+00 8.519e-02 2.677e+01 0.000e+00 2.623e+01
2.186e-02 1.213e+00 8.819e-02 2.089e+01 0.000e+00 2.049e+01
2.413e-02 1.062e+00 9.135e-02 1.585e+01 0.000e+00 1.557e+01
2.664e-02 9.247e-01 9.432e-02 1.203e+01 0.000e+00 1.183e+01
2.941e-02 8.019e-01 9.707e-02 9.124e+00 0.000e+00 8.984e+00
3.000e-02 7.789e-01 9.760e-02 8.632e+00 0.000e+00 8.502e+00
3.247e-02 6.931e-01 9.961e-02 6.904e+00 0.000e+00 6.807e+00
3.584e-02 5.981e-01 1.019e-01 5.225e+00 0.000e+00 5.158e+00
3.598e-02 5.945e-01 1.020e-01 5.166e+00 0.000e+00 1.017e+01
3.598e-02 5.945e-01 1.020e-01 3.073e+01 0.000e+00 1.017e+01
3.957e-02 5.154e-01 1.040e-01 2.387e+01 0.000e+00 9.281e+00
4.000e-02 5.070e-01 1.042e-01 2.319e+01 0.000e+00 9.185e+00
4.368e-02 4.437e-01 1.057e-01 1.843e+01 0.000e+00 8.071e+00
4.822e-02 3.813e-01 1.072e-01 1.423e+01 0.000e+00 6.980e+00
5.000e-02 3.605e-01 1.077e-01 1.293e+01 0.000e+00 6.618e+00
5.323e-02 3.268e-01 1.084e-01 1.092e+01 0.000e+00 5.864e+00
5.876e-02 2.791e-01 1.093e-01 8.336e+00 0.000e+00 4.845e+00
6.000e-02 2.698e-01 1.095e-01 7.871e+00 0.000e+00 4.653e+00
6.486e-02 2.374e-01 1.099e-01 6.354e+00 0.000e+00 3.917e+00
7.161e-02 2.011e-01 1.102e-01 4.838e+00 0.000e+00 3.148e+00
7.905e-02 1.699e-01 1.101e-01 3.680e+00 0.000e+00 2.530e+00
8.000e-02 1.664e-01 1.101e-01 3.560e+00 0.000e+00 2.464e+00
8.726e-02 1.432e-01 1.097e-01 2.793e+00 0.000e+00 1.998e+00
9.633e-02 1.204e-01 1.090e-01 2.115e+00 0.000e+00 1.574e+00
1.000e-01 1.128e-01 1.086e-01 1.903e+00 0.000e+00 1.438e+00
1.063e-01 1.013e-01 1.079e-01 1.601e+00 0.000e+00 1.232e+00
1.174e-01 8.498e-02 1.066e-01 1.208e+00 0.000e+00 9.582e-01
1.296e-01 7.129e-02 1.051e-01 9.123e-01 0.000e+00 7.461e-01
1.431e-01 5.972e-02 1.033e-01 6.881e-01 0.000e+00 5.806e-01
1.500e-01 5.487e-02 1.024e-01 6.017e-01 0.000e+00 5.154e-01
1.579e-01 5.002e-02 1.014e-01 5.199e-01 0.000e+00 4.531e-01
1.743e-01 4.182e-02 9.923e-02 3.924e-01 0.000e+00 3.535e-01
1.925e-01 3.487e-02 9.693e-02 2.959e-01 0.000e+00 2.754e-01
2.000e-01 3.251e-02 9.601e-02 2.656e-01 0.000e+00 2.502e-01
2.125e-01 2.906e-02 9.452e-02 2.237e-01 0.000e+00 2.181e-01
2.345e-01 2.419e-02 9.202e-02 1.696e-01 0.000e+00 1.746e-01
2.589e-01 2.009e-02 8.941e-02 1.286e-01 0.000e+00 1.396e-01
2.858e-01 1.666e-02 8.674e-02 9.783e-02 0.000e+00 1.116e-01
3.000e-01 1.520e-02 8.541e-02 8.564e-02 0.000e+00 1.000e-01
3.155e-01 1.381e-02 8.402e-02 7.464e-02 0.000e+00 9.145e-02
3.483e-01 1.142e-02 8.125e-02 5.715e-02 0.000e+00 7.673e-02
3.845e-01 9.446e-03 7.846e-02 4.394e-02 0.000e+00 6.439e-02
4.000e-01 8.754e-03 7.735e-02 3.961e-02 0.000e+00 6.003e-02
4.245e-01 7.806e-03 7.566e-02 3.393e-02 0.000e+00 5.547e-02
4.686e-01 6.449e-03 7.287e-02 2.635e-02 0.000e+00 4.865e-02
5.000e-01 5.687e-03 7.105e-02 2.238e-02 0.000e+00 4.463e-02
5.173e-01 5.323e-03 7.010e-02 2.057e-02 0.000e+00 4.313e-02
5.710e-01 4.390e-03 6.734e-02 1.616e-02 0.000e+00 3.906e-02
6.000e-01 3.985e-03 6.597e-02 1.435e-02 0.000e+00 3.717e-02
6.304e-01 3.617e-03 6.461e-02 1.277e-02 0.000e+00 3.586e-02
6.959e-01 2.981e-03 6.191e-02 1.017e-02 0.000e+00 3.336e-02
7.682e-01 2.455e-03 5.926e-02 8.144e-03 0.000e+00 3.104e-02
8.000e-01 2.266e-03 5.818e-02 7.449e-03 0.000e+00 3.014e-02
8.480e-01 2.020e-03 5.665e-02 6.566e-03 0.000e+00 2.920e-02
9.361e-01 1.661e-03 5.409e-02 5.329e-03 0.000e+00 2.768e-02
1.000e+00 1.459e-03 5.243e-02 4.653e-03 0.000e+00 2.671e-02
1.022e+00 1.397e-03 5.188e-02 4.453e-03 0.000e+00 2.644e-02
1.033e+00 1.368e-03 5.161e-02 4.358e-03 4.956e-08 2.631e-02
1.141e+00 1.124e-03 4.916e-02 3.579e-03 4.116e-05 2.512e-02
1.250e+00 9.375e-04 4.694e-02 3.003e-03 1.987e-04 2.408e-02
1.259e+00 9.242e-04 4.677e-02 2.962e-03 2.169e-04 2.401e-02
1.390e+00 7.591e-04 4.444e-02 2.465e-03 5.535e-04 2.312e-02
1.500e+00 6.525e-04 4.269e-02 2.148e-03 9.189e-04 2.246e-02
1.535e+00 6.232e-04 4.217e-02 2.062e-03 1.047e-03 2.233e-02
1.694e+00 5.122e-04 3.999e-02 1.733e-03 1.686e-03 2.179e-02
1.870e+00 4.207e-04 3.787e-02 1.463e-03 2.466e-03 2.126e-02
2.000e+00 3.679e-04 3.647e-02 1.307e-03 3.069e-03 2.091e-02
2.044e+00 3.523e-04 3.602e-02 1.261e-03 3.276e-03 2.090e-02
2.065e+00 3.452e-04 3.581e-02 1.240e-03 3.375e-03 2.089e-02
2.279e+00 2.835e-04 3.383e-02 1.056e-03 4.387e-03 2.082e-02
2.516e+00 2.327e-04 3.192e-02 9.038e-04 5.498e-03 2.076e-02
2.778e+00 1.910e-04 3.009e-02 7.764e-04 6.697e-03 2.069e-02
3.000e+00 1.638e-04 2.871e-02 6.919e-04 7.681e-03 2.064e-02
3.066e+00 1.568e-04 2.833e-02 6.700e-04 7.969e-03 2.071e-02
3.385e+00 1.287e-04 2.664e-02 5.800e-04 9.316e-03 2.101e-02
3.737e+00 1.056e-04 2.502e-02 5.038e-04 1.073e-02 2.132e-02
4.000e+00 9.221e-05 2.396e-02 4.581e-04 1.174e-02 2.153e-02
4.125e+00 8.671e-05 2.348e-02 4.390e-04 1.222e-02 2.169e-02
4.554e+00 7.116e-05 2.202e-02 3.835e-04 1.375e-02 2.219e-02
5.000e+00 5.904e-05 2.069e-02 3.383e-04 1.526e-02 2.268e-02
5.027e+00 5.841e-05 2.062e-02 3.359e-04 1.535e-02 2.271e-02
5.549e+00 4.794e-05 1.929e-02 2.951e-04 1.698e-02 2.331e-02
6.000e+00 4.100e-05 1.829e-02 2.668e-04 1.830e-02 2.380e-02
6.126e+00 3.933e-05 1.803e-02 2.598e-04 1.865e-02 2.394e-02
6.762e+00 3.228e-05 1.684e-02 2.293e-04 2.038e-02 2.462e-02
7.000e+00 3.013e-05 1.644e-02 2.196e-04 2.100e-02 2.487e-02
7.465e+00 2.649e-05 1.572e-02 2.028e-04 2.216e-02 2.533e-02
8.000e+00 2.307e-05 1.497e-02 1.863e-04 2.343e-02 2.583e-02
8.241e+00 2.174e-05 1.465e-02 1.797e-04 2.398e-02 2.605e-02
9.000e+00 1.822e-05 1.376e-02 1.615e-04 2.564e-02 2.670e-02
9.097e+00 1.784e-05 1.365e-02 1.595e-04 2.584e-02 2.678e-02
1.000e+01 1.476e-05 1.275e-02 1.425e-04 2.767e-02 2.750e-02
1.004e+01 1.465e-05 1.271e-02 1.418e-04 2.774e-02 2.753e-02
1.100e+01 1.220e-05 1.189e-02 1.274e-04 2.953e-02 2.813e-02
1.109e+01 1.201e-05 1.182e-02 1.262e-04 2.970e-02 2.818e-02
1.200e+01 1.025e-05 1.115e-02 1.152e-04 3.127e-02 2.871e-02
1.224e+01 9.856e-06 1.099e-02 1.126e-04 3.167e-02 2.884e-02
1.300e+01 8.736e-06 1.050e-02 1.050e-04 3.288e-02 2.926e-02
1.351e+01 8.088e-06 1.021e-02 1.005e-04 3.366e-02 2.952e-02
1.400e+01 7.531e-06 9.937e-03 9.651e-05 3.438e-02 2.977e-02
1.491e+01 6.640e-06 9.477e-03 8.991e-05 3.564e-02 3.022e-02
1.500e+01 6.561e-06 9.434e-03 8.931e-05 3.576e-02 3.026e-02
1.600e+01 5.768e-06 8.985e-03 8.306e-05 3.704e-02 3.054e-02
1.646e+01 5.451e-06 8.793e-03 8.046e-05 3.760e-02 3.066e-02
1.800e+01 4.558e-06 8.210e-03 7.282e-05 3.937e-02 3.105e-02
1.818e+01 4.468e-06 8.148e-03 7.202e-05 3.956e-02 3.110e-02
2.000e+01 3.692e-06 7.572e-03 6.484e-05 4.145e-02 3.152e-02
