# GALLIUM from NIST Database
5.904e+00 0.000e+00 0.000e+00 0.000e+00 0.000e+00 0.000e+00
3.100e+01 1.000e+00 3.500e+00 0.000e+00 0.000e+00 0.000e+00
0.000e+00 0.000e+00 0.000e+00 0.000e+00 0.000e+00 0.000e+00
1.000e-03 5.223e+00 6.476e-03 1.692e+03 0.000e+00 1.692e+03
1.020e-03 5.212e+00 6.681e-03 1.615e+03 0.000e+00 1.614e+03
1.115e-03 5.159e+00 7.678e-03 1.307e+03 0.000e+00 3.955e+03
1.115e-03 5.159e+00 7.678e-03 3.814e+03 0.000e+00 3.955e+03
1.126e-03 5.153e+00 7.789e-03 4.455e+03 0.000e+00 4.638e+03
1.142e-03 5.143e+00 7.961e-03 5.643e+03 0.000e+00 7.332e+03
1.142e-03 5.143e+00 7.961e-03 7.338e+03 0.000e+00 7.332e+03
1.243e-03 5.089e+00 9.035e-03 6.669e+03 0.000e+00 6.814e+03
1.298e-03 5.060e+00 9.622e-03 6.354e+03 0.000e+00 7.139e+03
1.298e-03 5.060e+00 9.622e-03 7.200e+03 0.000e+00 7.139e+03
1.372e-03 5.016e+00 1.041e-02 6.298e+03 0.000e+00 6.249e+03
1.500e-03 4.936e+00 1.176e-02 5.082e+03 0.000e+00 5.044e+03
1.515e-03 4.927e+00 1.192e-02 4.960e+03 0.000e+00 4.923e+03
1.672e-03 4.830e+00 1.356e-02 3.895e+03 0.000e+00 3.868e+03
1.846e-03 4.724e+00 1.533e-02 3.056e+03 0.000e+00 3.036e+03
2.000e-03 4.631e+00 1.687e-02 2.511e+03 0.000e+00 2.496e+03
2.038e-03 4.608e+00 1.724e-02 2.392e+03 0.000e+00 2.378e+03
2.250e-03 4.480e+00 1.928e-02 1.853e+03 0.000e+00 1.843e+03
2.483e-03 4.342e+00 2.144e-02 1.437e+03 0.000e+00 1.430e+03
2.741e-03 4.191e+00 2.376e-02 1.113e+03 0.000e+00 1.108e+03
3.000e-03 4.045e+00 2.602e-02 8.819e+02 0.000e+00 8.782e+02
3.026e-03 4.030e+00 2.625e-02 8.618e+02 0.000e+00 8.582e+02
3.341e-03 3.859e+00 2.892e-02 6.617e+02 0.000e+00 6.593e+02
3.688e-03 3.678e+00 3.178e-02 5.084e+02 0.000e+00 5.068e+02
4.000e-03 3.521e+00 3.430e-02 4.094e+02 0.000e+00 4.082e+02
4.071e-03 3.487e+00 3.486e-02 3.903e+02 0.000e+00 3.892e+02
4.494e-03 3.286e+00 3.818e-02 2.985e+02 0.000e+00 2.977e+02
4.961e-03 3.076e+00 4.173e-02 2.282e+02 0.000e+00 2.277e+02
5.000e-03 3.059e+00 4.202e-02 2.234e+02 0.000e+00 2.229e+02
5.477e-03 2.860e+00 4.551e-02 1.740e+02 0.000e+00 1.736e+02
6.000e-03 2.657e+00 4.920e-02 1.355e+02 0.000e+00 1.352e+02
6.046e-03 2.640e+00 4.951e-02 1.327e+02 0.000e+00 1.324e+02
6.675e-03 2.418e+00 5.372e-02 1.008e+02 0.000e+00 1.006e+02
7.368e-03 2.199e+00 5.811e-02 7.660e+01 0.000e+00 7.643e+01
8.000e-03 2.020e+00 6.190e-02 6.094e+01 0.000e+00 6.082e+01
8.134e-03 1.985e+00 6.268e-02 5.816e+01 0.000e+00 5.805e+01
8.979e-03 1.780e+00 6.740e-02 4.406e+01 0.000e+00 4.398e+01
9.912e-03 1.589e+00 7.222e-02 3.337e+01 0.000e+00 3.332e+01
1.000e-02 1.573e+00 7.266e-02 3.255e+01 0.000e+00 3.250e+01
1.037e-02 1.508e+00 7.443e-02 2.942e+01 0.000e+00 1.344e+02
1.037e-02 1.508e+00 7.443e-02 2.198e+02 0.000e+00 1.344e+02
1.094e-02 1.415e+00 7.708e-02 1.915e+02 0.000e+00 1.200e+02
1.208e-02 1.252e+00 8.199e-02 1.485e+02 0.000e+00 9.718e+01
1.334e-02 1.105e+00 8.685e-02 1.148e+02 0.000e+00 7.871e+01
1.472e-02 9.735e-01 9.154e-02 8.865e+01 0.000e+00 6.386e+01
1.500e-02 9.501e-01 9.242e-02 8.433e+01 0.000e+00 6.135e+01
1.625e-02 8.567e-01 9.604e-02 6.803e+01 0.000e+00 5.055e+01
1.794e-02 7.531e-01 1.003e-01 5.197e+01 0.000e+00 3.979e+01
1.980e-02 6.609e-01 1.043e-01 3.961e+01 0.000e+00 3.134e+01
2.000e-02 6.520e-01 1.047e-01 3.852e+01 0.000e+00 3.059e+01
2.186e-02 5.778e-01 1.080e-01 3.009e+01 0.000e+00 2.425e+01
2.413e-02 5.033e-01 1.115e-01 2.283e+01 0.000e+00 1.874e+01
2.664e-02 4.364e-01 1.147e-01 1.727e+01 0.000e+00 1.447e+01
2.941e-02 3.765e-01 1.175e-01 1.304e+01 0.000e+00 1.117e+01
3.000e-02 3.653e-01 1.181e-01 1.233e+01 0.000e+00 1.061e+01
3.247e-02 3.231e-01 1.200e-01 9.825e+00 0.000e+00 8.535e+00
3.584e-02 2.761e-01 1.222e-01 7.389e+00 0.000e+00 6.506e+00
3.957e-02 2.351e-01 1.239e-01 5.543e+00 0.000e+00 4.955e+00
4.000e-02 2.310e-01 1.241e-01 5.371e+00 0.000e+00 4.810e+00
4.368e-02 1.998e-01 1.253e-01 4.152e+00 0.000e+00 3.751e+00
4.822e-02 1.694e-01 1.263e-01 3.105e+00 0.000e+00 2.836e+00
5.000e-02 1.594e-01 1.265e-01 2.790e+00 0.000e+00 2.560e+00
5.323e-02 1.435e-01 1.268e-01 2.318e+00 0.000e+00 2.139e+00
5.876e-02 1.214e-01 1.270e-01 1.728e+00 0.000e+00 1.612e+00
6.000e-02 1.172e-01 1.270e-01 1.624e+00 0.000e+00 1.518e+00
6.486e-02 1.027e-01 1.268e-01 1.287e+00 0.000e+00 1.212e+00
7.161e-02 8.668e-02 1.263e-01 9.564e-01 0.000e+00 9.107e-01
7.905e-02 7.308e-02 1.255e-01 7.104e-01 0.000e+00 6.845e-01
8.000e-02 7.159e-02 1.254e-01 6.853e-01 0.000e+00 6.613e-01
8.726e-02 6.152e-02 1.244e-01 5.272e-01 0.000e+00 5.160e-01
9.633e-02 5.166e-02 1.230e-01 3.909e-01 0.000e+00 3.891e-01
1.000e-01 4.833e-02 1.224e-01 3.490e-01 0.000e+00 3.497e-01
1.063e-01 4.332e-02 1.213e-01 2.900e-01 0.000e+00 2.974e-01
1.174e-01 3.619e-02 1.194e-01 2.145e-01 0.000e+00 2.285e-01
1.296e-01 3.019e-02 1.173e-01 1.588e-01 0.000e+00 1.758e-01
1.431e-01 2.514e-02 1.149e-01 1.176e-01 0.000e+00 1.352e-01
1.500e-01 2.303e-02 1.138e-01 1.019e-01 0.000e+00 1.193e-01
1.579e-01 2.092e-02 1.124e-01 8.725e-02 0.000e+00 1.069e-01
1.743e-01 1.737e-02 1.097e-01 6.473e-02 0.000e+00 8.664e-02
1.925e-01 1.440e-02 1.068e-01 4.801e-02 0.000e+00 7.011e-02
2.000e-01 1.339e-02 1.057e-01 4.281e-02 0.000e+00 6.463e-02
2.125e-01 1.193e-02 1.039e-01 3.571e-02 0.000e+00 5.965e-02
2.345e-01 9.880e-03 1.009e-01 2.664e-02 0.000e+00 5.237e-02
2.589e-01 8.169e-03 9.785e-02 1.990e-02 0.000e+00 4.595e-02
2.858e-01 6.750e-03 9.474e-02 1.491e-02 0.000e+00 4.032e-02
3.000e-01 6.145e-03 9.320e-02 1.296e-02 0.000e+00 3.782e-02
3.155e-01 5.573e-03 9.158e-02 1.122e-02 0.000e+00 3.664e-02
3.483e-01 4.598e-03 8.841e-02 8.478e-03 0.000e+00 3.443e-02
3.845e-01 3.791e-03 8.523e-02 6.437e-03 0.000e+00 3.235e-02
4.000e-01 3.509e-03 8.396e-02 5.775e-03 0.000e+00 3.156e-02
4.245e-01 3.124e-03 8.207e-02 4.913e-03 0.000e+00 3.091e-02
4.686e-01 2.573e-03 7.894e-02 3.774e-03 0.000e+00 2.987e-02
5.000e-01 2.265e-03 7.691e-02 3.186e-03 0.000e+00 2.920e-02
5.173e-01 2.118e-03 7.584e-02 2.919e-03 0.000e+00 2.896e-02
5.710e-01 1.742e-03 7.279e-02 2.275e-03 0.000e+00 2.827e-02
6.000e-01 1.580e-03 7.127e-02 2.012e-03 0.000e+00 2.793e-02
6.304e-01 1.432e-03 6.978e-02 1.781e-03 0.000e+00 2.764e-02
6.959e-01 1.178e-03 6.682e-02 1.405e-03 0.000e+00 2.708e-02
7.682e-01 9.679e-04 6.391e-02 1.122e-03 0.000e+00 2.653e-02
8.000e-01 8.931e-04 6.274e-02 1.028e-03 0.000e+00 2.631e-02
8.480e-01 7.955e-04 6.107e-02 9.104e-04 0.000e+00 2.598e-02
9.361e-01 6.537e-04 5.829e-02 7.415e-04 0.000e+00 2.542e-02
1.000e+00 5.731e-04 5.646e-02 6.398e-04 0.000e+00 2.506e-02
1.022e+00 5.487e-04 5.587e-02 6.078e-04 0.000e+00 2.493e-02
1.033e+00 5.371e-04 5.557e-02 5.931e-04 1.973e-08 2.486e-02
1.141e+00 4.406e-04 5.291e-02 4.843e-04 1.710e-05 2.425e-02
1.250e+00 3.673e-04 5.053e-02 4.108e-04 8.581e-05 2.371e-02
1.259e+00 3.621e-04 5.034e-02 4.055e-04 9.392e-05 2.367e-02
1.390e+00 2.972e-04 4.783e-02 3.391e-04 2.495e-04 2.306e-02
1.500e+00 2.553e-04 4.594e-02 2.957e-04 4.270e-04 2.260e-02
1.535e+00 2.438e-04 4.538e-02 2.839e-04 4.913e-04 2.248e-02
1.694e+00 2.003e-04 4.300e-02 2.395e-04 8.233e-04 2.195e-02
1.870e+00 1.644e-04 4.071e-02 2.030e-04 1.250e-03 2.144e-02
2.000e+00 1.437e-04 3.921e-02 1.818e-04 1.589e-03 2.110e-02
2.044e+00 1.376e-04 3.874e-02 1.755e-04 1.707e-03 2.103e-02
2.065e+00 1.348e-04 3.852e-02 1.726e-04 1.763e-03 2.100e-02
2.279e+00 1.107e-04 3.640e-02 1.477e-04 2.350e-03 2.069e-02
2.516e+00 9.083e-05 3.434e-02 1.270e-04 3.014e-03 2.039e-02
2.778e+00 7.453e-05 3.235e-02 1.097e-04 3.747e-03 2.009e-02
3.000e+00 6.392e-05 3.086e-02 9.812e-05 4.361e-03 1.986e-02
3.066e+00 6.120e-05 3.045e-02 9.511e-05 4.540e-03 1.984e-02
3.385e+00 5.022e-05 2.863e-02 8.273e-05 5.393e-03 1.978e-02
3.737e+00 4.121e-05 2.689e-02 7.219e-05 6.297e-03 1.971e-02
4.000e+00 3.597e-05 2.575e-02 6.585e-05 6.949e-03 1.966e-02
4.125e+00 3.382e-05 2.524e-02 6.320e-05 7.251e-03 1.969e-02
4.554e+00 2.775e-05 2.366e-02 5.547e-05 8.255e-03 1.977e-02
5.000e+00 2.302e-05 2.224e-02 4.916e-05 9.243e-03 1.985e-02
5.027e+00 2.277e-05 2.216e-02 4.883e-05 9.301e-03 1.986e-02
5.549e+00 1.869e-05 2.073e-02 4.308e-05 1.038e-02 2.005e-02
6.000e+00 1.599e-05 1.966e-02 3.907e-05 1.127e-02 2.021e-02
6.126e+00 1.534e-05 1.938e-02 3.808e-05 1.152e-02 2.027e-02
6.762e+00 1.259e-05 1.810e-02 3.374e-05 1.269e-02 2.057e-02
7.000e+00 1.175e-05 1.767e-02 3.236e-05 1.310e-02 2.067e-02
7.465e+00 1.033e-05 1.689e-02 2.995e-05 1.388e-02 2.087e-02
8.000e+00 8.991e-06 1.608e-02 2.758e-05 1.474e-02 2.108e-02
8.241e+00 8.474e-06 1.574e-02 2.663e-05 1.511e-02 2.119e-02
9.000e+00 7.107e-06 1.478e-02 2.401e-05 1.623e-02 2.151e-02
9.097e+00 6.956e-06 1.466e-02 2.371e-05 1.636e-02 2.155e-02
1.000e+01 5.756e-06 1.370e-02 2.125e-05 1.758e-02 2.191e-02
1.004e+01 5.710e-06 1.366e-02 2.115e-05 1.763e-02 2.192e-02
1.100e+01 4.757e-06 1.277e-02 1.905e-05 1.881e-02 2.225e-02
1.109e+01 4.681e-06 1.270e-02 1.888e-05 1.891e-02 2.228e-02
1.200e+01 3.997e-06 1.198e-02 1.727e-05 1.994e-02 2.256e-02
1.224e+01 3.842e-06 1.181e-02 1.688e-05 2.019e-02 2.264e-02
1.300e+01 3.406e-06 1.129e-02 1.578e-05 2.097e-02 2.286e-02
1.351e+01 3.153e-06 1.097e-02 1.512e-05 2.147e-02 2.300e-02
1.400e+01 2.937e-06 1.068e-02 1.453e-05 2.194e-02 2.313e-02
1.491e+01 2.589e-06 1.019e-02 1.355e-05 2.276e-02 2.337e-02
1.500e+01 2.558e-06 1.014e-02 1.346e-05 2.284e-02 2.339e-02
1.600e+01 2.248e-06 9.656e-03 1.253e-05 2.369e-02 2.358e-02
1.646e+01 2.124e-06 9.451e-03 1.215e-05 2.407e-02 2.366e-02
1.800e+01 1.777e-06 8.827e-03 1.102e-05 2.526e-02 2.393e-02
1.818e+01 1.742e-06 8.760e-03 1.090e-05 2.539e-02 2.396e-02
2.000e+01 1.439e-06 8.136e-03 9.829e-06 2.664e-02 2.425e-02
