#Photon    Coherent Incoher. Photoel. Nuclear  Electron
#Energy    Scatter. Scatter. Absorb.  Pr. Prd. Pr. Prd.
9.680E+00 0.000E+00 0.000E+00 0.000E+00 0.000E+00
8.000E+00 3.077E-01 3.500E+00 0.000E+00 0.000E+00
7.200E+01 6.923E-01 3.500E+00 0.000E+00 0.000E+00
0.000E+00 0.000E+00 0.000E+00 0.000E+00 0.000E+00
1.000E-03 1.034E+01 4.936E-03 3.428E+03 0.000E+00
1.500E-03 9.896E+00 8.647E-03 1.484E+03 0.000E+00
1.662E-03 9.738E+00 9.857E-03 1.190E+03 0.000E+00
1.662E-03 9.738E+00 9.857E-03 1.451E+03 0.000E+00
1.689E-03 9.711E+00 1.006E-02 2.095E+03 0.000E+00
1.716E-03 9.684E+00 1.027E-02 3.045E+03 0.000E+00
1.716E-03 9.684E+00 1.027E-02 3.423E+03 0.000E+00
2.000E-03 9.415E+00 1.235E-02 3.349E+03 0.000E+00
2.108E-03 9.307E+00 1.315E-02 2.933E+03 0.000E+00
2.108E-03 9.307E+00 1.315E-02 3.396E+03 0.000E+00
2.233E-03 9.179E+00 1.409E-02 2.954E+03 0.000E+00
2.365E-03 9.051E+00 1.507E-02 2.568E+03 0.000E+00
2.365E-03 9.051E+00 1.507E-02 2.727E+03 0.000E+00
2.480E-03 8.948E+00 1.592E-02 2.442E+03 0.000E+00
2.601E-03 8.841E+00 1.680E-02 2.187E+03 0.000E+00
2.601E-03 8.841E+00 1.680E-02 2.281E+03 0.000E+00
3.000E-03 8.455E+00 1.969E-02 1.632E+03 0.000E+00
4.000E-03 7.551E+00 2.655E-02 8.130E+02 0.000E+00
5.000E-03 6.733E+00 3.278E-02 4.665E+02 0.000E+00
6.000E-03 6.014E+00 3.834E-02 2.940E+02 0.000E+00
8.000E-03 4.840E+00 4.768E-02 1.402E+02 0.000E+00
9.561E-03 4.131E+00 5.367E-02 8.812E+01 0.000E+00
9.561E-03 4.131E+00 5.367E-02 2.310E+02 0.000E+00
1.000E-02 3.960E+00 5.521E-02 2.077E+02 0.000E+00
1.074E-02 3.688E+00 5.767E-02 1.705E+02 0.000E+00
1.074E-02 3.688E+00 5.767E-02 2.343E+02 0.000E+00
1.100E-02 3.600E+00 5.851E-02 2.209E+02 0.000E+00
1.127E-02 3.514E+00 5.935E-02 2.084E+02 0.000E+00
1.127E-02 3.514E+00 5.935E-02 2.408E+02 0.000E+00
1.500E-02 2.556E+00 6.956E-02 1.159E+02 0.000E+00
2.000E-02 1.805E+00 8.005E-02 5.405E+01 0.000E+00
3.000E-02 1.066E+00 9.356E-02 1.813E+01 0.000E+00
4.000E-02 7.006E-01 1.007E-01 8.239E+00 0.000E+00
5.000E-02 4.950E-01 1.045E-01 4.446E+00 0.000E+00
6.000E-02 3.710E-01 1.064E-01 2.677E+00 0.000E+00
6.535E-02 3.237E-01 1.070E-01 2.109E+00 0.000E+00
6.535E-02 3.237E-01 1.070E-01 1.093E+01 0.000E+00
8.000E-02 2.330E-01 1.073E-01 6.419E+00 0.000E+00
1.000E-01 1.597E-01 1.062E-01 3.558E+00 0.000E+00
1.500E-01 7.801E-02 1.007E-01 1.188E+00 0.000E+00
2.000E-01 4.645E-02 9.464E-02 5.425E-01 0.000E+00
3.000E-01 2.203E-02 8.435E-02 1.828E-01 0.000E+00
4.000E-01 1.280E-02 7.651E-02 8.686E-02 0.000E+00
5.000E-01 8.347E-03 7.036E-02 5.001E-02 0.000E+00
6.000E-01 5.870E-03 6.539E-02 3.248E-02 0.000E+00
8.000E-01 3.352E-03 5.772E-02 1.707E-02 0.000E+00
1.000E+00 2.165E-03 5.202E-02 1.072E-02 0.000E+00
1.022E+00 2.074E-03 5.147E-02 1.026E-02 0.000E+00
1.250E+00 1.395E-03 4.661E-02 6.918E-03 2.847E-04
1.500E+00 9.724E-04 4.240E-02 4.933E-03 1.329E-03
2.000E+00 5.494E-04 3.624E-02 2.989E-03 4.159E-03
2.044E+00 5.261E-04 3.579E-02 2.882E-03 4.416E-03
3.000E+00 2.450E-04 2.853E-02 1.569E-03 9.601E-03
4.000E+00 1.380E-04 2.381E-02 1.031E-03 1.418E-02
5.000E+00 8.836E-05 2.056E-02 7.577E-04 1.806E-02
6.000E+00 6.136E-05 1.818E-02 5.948E-04 2.139E-02
7.000E+00 4.510E-05 1.634E-02 4.880E-04 2.435E-02
8.000E+00 3.454E-05 1.487E-02 4.128E-04 2.701E-02
9.000E+00 2.729E-05 1.367E-02 3.573E-04 2.942E-02
1.000E+01 2.210E-05 1.267E-02 3.146E-04 3.164E-02
1.100E+01 1.827E-05 1.182E-02 2.808E-04 3.369E-02
1.200E+01 1.535E-05 1.108E-02 2.534E-04 3.560E-02
1.300E+01 1.308E-05 1.044E-02 2.309E-04 3.740E-02
1.400E+01 1.128E-05 9.877E-03 2.120E-04 3.907E-02
1.500E+01 9.826E-06 9.379E-03 1.959E-04 4.060E-02
1.600E+01 8.637E-06 8.932E-03 1.820E-04 4.204E-02
1.800E+01 6.825E-06 8.161E-03 1.594E-04 4.464E-02
2.000E+01 5.528E-06 7.528E-03 1.418E-04 4.698E-02
