#HfO2 5% en Agua
1.050E+00 0.000E+00 0.000E+00 0.000E+00 0.000E+00
1.000E+00 1.063E-01 3.500E+00 0.000E+00 0.000E+00
8.000E+00 8.513E-01 3.500E+00 0.000E+00 0.000E+00
7.200E+01 4.240E-02 3.500E+00 0.000E+00 0.000E+00
0.000E+00 0.000E+00 0.000E+00 0.000E+00 0.000E+00
1.000E-03 1.787E+00 1.279E-02 4.048E+03 0.000E+00
1.500E-03 1.668E+00 2.586E-02 1.380E+03 0.000E+00
1.662E-03 1.626E+00 3.051E-02 1.044E+03 0.000E+00
1.662E-03 1.626E+00 3.051E-02 1.056E+03 0.000E+00
1.689E-03 1.618E+00 3.130E-02 1.042E+03 0.000E+00
1.716E-03 1.611E+00 3.211E-02 1.044E+03 0.000E+00
1.716E-03 1.611E+00 3.211E-02 1.062E+03 0.000E+00
2.000E-03 1.532E+00 4.043E-02 7.427E+02 0.000E+00
2.108E-03 1.501E+00 4.358E-02 6.423E+02 0.000E+00
2.108E-03 1.501E+00 4.358E-02 6.637E+02 0.000E+00
2.233E-03 1.466E+00 4.722E-02 5.664E+02 0.000E+00
2.365E-03 1.428E+00 5.104E-02 4.831E+02 0.000E+00
2.365E-03 1.428E+00 5.104E-02 4.905E+02 0.000E+00
2.480E-03 1.397E+00 5.430E-02 4.308E+02 0.000E+00
2.601E-03 1.364E+00 5.767E-02 3.783E+02 0.000E+00
2.601E-03 1.364E+00 5.767E-02 3.827E+02 0.000E+00
3.000E-03 1.258E+00 6.831E-02 2.585E+02 0.000E+00
4.000E-03 1.025E+00 9.108E-02 1.158E+02 0.000E+00
5.000E-03 8.434E-01 1.086E-01 6.156E+01 0.000E+00
6.000E-03 7.062E-01 1.217E-01 3.655E+01 0.000E+00
8.000E-03 5.196E-01 1.394E-01 1.594E+01 0.000E+00
9.561E-03 4.244E-01 1.483E-01 9.503E+00 0.000E+00
9.561E-03 4.244E-01 1.483E-01 1.610E+01 0.000E+00
1.000E-02 4.029E-01 1.503E-01 1.431E+01 0.000E+00
1.074E-02 3.704E-01 1.533E-01 1.165E+01 0.000E+00
1.074E-02 3.704E-01 1.533E-01 1.459E+01 0.000E+00
1.100E-02 3.599E-01 1.543E-01 1.370E+01 0.000E+00
1.127E-02 3.498E-01 1.553E-01 1.286E+01 0.000E+00
1.127E-02 3.498E-01 1.553E-01 1.436E+01 0.000E+00
1.500E-02 2.453E-01 1.652E-01 6.660E+00 0.000E+00
2.000E-02 1.679E-01 1.728E-01 3.016E+00 0.000E+00
3.000E-02 9.406E-02 1.787E-01 9.766E-01 0.000E+00
4.000E-02 5.979E-02 1.789E-01 4.348E-01 0.000E+00
5.000E-02 4.135E-02 1.767E-01 2.314E-01 0.000E+00
6.000E-02 3.042E-02 1.737E-01 1.379E-01 0.000E+00
6.535E-02 2.631E-02 1.719E-01 1.082E-01 0.000E+00
6.535E-02 2.631E-02 1.719E-01 5.158E-01 0.000E+00
8.000E-02 1.855E-02 1.668E-01 3.021E-01 0.000E+00
1.000E-01 1.248E-02 1.599E-01 1.670E-01 0.000E+00
1.500E-01 5.934E-03 1.451E-01 5.559E-02 0.000E+00
2.000E-01 3.470E-03 1.334E-01 2.534E-02 0.000E+00
3.000E-01 1.611E-03 1.163E-01 8.521E-03 0.000E+00
4.000E-01 9.257E-04 1.044E-01 4.046E-03 0.000E+00
5.000E-01 6.000E-04 9.538E-02 2.328E-03 0.000E+00
6.000E-01 4.202E-04 8.825E-02 1.512E-03 0.000E+00
8.000E-01 2.387E-04 7.757E-02 7.945E-04 0.000E+00
1.000E+00 1.537E-04 6.977E-02 4.989E-04 0.000E+00
1.022E+00 1.472E-04 6.903E-02 4.774E-04 0.000E+00
1.250E+00 9.883E-05 6.239E-02 3.218E-04 3.011E-05
1.500E+00 6.879E-05 5.670E-02 2.295E-04 1.551E-04
2.000E+00 3.881E-05 4.840E-02 1.391E-04 5.651E-04
2.044E+00 3.716E-05 4.779E-02 1.341E-04 6.059E-04
3.000E+00 1.729E-05 3.807E-02 7.305E-05 1.522E-03
4.000E+00 9.732E-06 3.176E-02 4.801E-05 2.436E-03
5.000E+00 6.231E-06 2.743E-02 3.530E-05 3.258E-03
6.000E+00 4.327E-06 2.424E-02 2.772E-05 3.999E-03
7.000E+00 3.180E-06 2.179E-02 2.274E-05 4.663E-03
8.000E+00 2.435E-06 1.983E-02 1.924E-05 5.266E-03
9.000E+00 1.924E-06 1.823E-02 1.666E-05 5.818E-03
1.000E+01 1.558E-06 1.689E-02 1.467E-05 6.318E-03
1.100E+01 1.288E-06 1.575E-02 1.309E-05 6.779E-03
1.200E+01 1.082E-06 1.477E-02 1.182E-05 7.205E-03
1.300E+01 9.223E-07 1.392E-02 1.077E-05 7.604E-03
1.400E+01 7.952E-07 1.317E-02 9.884E-06 7.974E-03
1.500E+01 6.927E-07 1.250E-02 9.133E-06 8.320E-03
1.600E+01 6.089E-07 1.191E-02 8.488E-06 8.647E-03
1.800E+01 4.811E-07 1.088E-02 7.435E-06 9.243E-03
2.000E+01 3.897E-07 1.003E-02 6.612E-06 9.778E-03