#HfO2 1% en Agua
1.010E+00 0.000E+00 0.000E+00 0.000E+00 0.000E+00
1.000E+00 1.108E-01 3.500E+00 0.000E+00 0.000E+00
8.000E+00 8.807E-01 3.500E+00 0.000E+00 0.000E+00
7.200E+01 8.480E-03 3.500E+00 0.000E+00 0.000E+00
0.000E+00 0.000E+00 0.000E+00 0.000E+00 0.000E+00
1.000E-03 1.455E+00 1.311E-02 4.070E+03 0.000E+00
1.500E-03 1.349E+00 2.656E-02 1.376E+03 0.000E+00
1.662E-03 1.311E+00 3.135E-02 1.038E+03 0.000E+00
1.662E-03 1.311E+00 3.135E-02 1.040E+03 0.000E+00
1.689E-03 1.304E+00 3.216E-02 1.001E+03 0.000E+00
1.716E-03 1.297E+00 3.299E-02 9.665E+02 0.000E+00
1.716E-03 1.297E+00 3.299E-02 9.700E+02 0.000E+00
2.000E-03 1.226E+00 4.156E-02 6.415E+02 0.000E+00
2.108E-03 1.198E+00 4.480E-02 5.533E+02 0.000E+00
2.108E-03 1.198E+00 4.480E-02 5.576E+02 0.000E+00
2.233E-03 1.166E+00 4.855E-02 4.737E+02 0.000E+00
2.365E-03 1.133E+00 5.248E-02 4.022E+02 0.000E+00
2.365E-03 1.133E+00 5.248E-02 4.037E+02 0.000E+00
2.480E-03 1.104E+00 5.584E-02 3.528E+02 0.000E+00
2.601E-03 1.074E+00 5.931E-02 3.081E+02 0.000E+00
2.601E-03 1.074E+00 5.931E-02 3.090E+02 0.000E+00
3.000E-03 9.785E-01 7.026E-02 2.052E+02 0.000E+00
4.000E-03 7.715E-01 9.366E-02 8.873E+01 0.000E+00
5.000E-03 6.150E-01 1.116E-01 4.585E+01 0.000E+00
6.000E-03 5.004E-01 1.250E-01 2.656E+01 0.000E+00
8.000E-03 3.521E-01 1.431E-01 1.112E+01 0.000E+00
9.561E-03 2.807E-01 1.521E-01 6.454E+00 0.000E+00
9.561E-03 2.807E-01 1.521E-01 7.774E+00 0.000E+00
1.000E-02 2.650E-01 1.541E-01 6.818E+00 0.000E+00
1.074E-02 2.417E-01 1.571E-01 5.491E+00 0.000E+00
1.074E-02 2.417E-01 1.571E-01 6.080E+00 0.000E+00
1.100E-02 2.343E-01 1.581E-01 5.670E+00 0.000E+00
1.127E-02 2.271E-01 1.591E-01 5.288E+00 0.000E+00
1.127E-02 2.271E-01 1.591E-01 5.588E+00 0.000E+00
1.500E-02 1.557E-01 1.690E-01 2.427E+00 0.000E+00
2.000E-02 1.044E-01 1.764E-01 1.038E+00 0.000E+00
3.000E-02 5.636E-02 1.820E-01 3.119E-01 0.000E+00
4.000E-02 3.495E-02 1.820E-01 1.324E-01 0.000E+00
5.000E-02 2.376E-02 1.796E-01 6.808E-02 0.000E+00
6.000E-02 1.722E-02 1.764E-01 3.953E-02 0.000E+00
6.535E-02 1.478E-02 1.745E-01 3.064E-02 0.000E+00
6.535E-02 1.478E-02 1.745E-01 1.122E-01 0.000E+00
8.000E-02 1.024E-02 1.691E-01 6.503E-02 0.000E+00
1.000E-01 6.776E-03 1.621E-01 3.561E-02 0.000E+00
1.500E-01 3.140E-03 1.469E-01 1.170E-02 0.000E+00
2.000E-01 1.804E-03 1.350E-01 5.299E-03 0.000E+00
3.000E-01 8.194E-04 1.176E-01 1.770E-03 0.000E+00
4.000E-01 4.656E-04 1.055E-01 8.372E-04 0.000E+00
5.000E-01 2.997E-04 9.638E-02 4.807E-04 0.000E+00
6.000E-01 2.089E-04 8.916E-02 3.118E-04 0.000E+00
8.000E-01 1.181E-04 7.836E-02 1.636E-04 0.000E+00
1.000E+00 7.576E-05 7.048E-02 1.027E-04 0.000E+00
1.022E+00 7.255E-05 6.974E-02 9.822E-05 0.000E+00
1.250E+00 4.859E-05 6.302E-02 6.623E-05 2.024E-05
1.500E+00 3.377E-05 5.727E-02 4.725E-05 1.096E-04
2.000E+00 1.902E-05 4.889E-02 2.867E-05 4.257E-04
2.044E+00 1.821E-05 4.827E-02 2.765E-05 4.581E-04
3.000E+00 8.462E-06 3.845E-02 1.509E-05 1.209E-03
4.000E+00 4.762E-06 3.208E-02 9.929E-06 1.981E-03
5.000E+00 3.048E-06 2.770E-02 7.307E-06 2.684E-03
6.000E+00 2.116E-06 2.448E-02 5.742E-06 3.324E-03
7.000E+00 1.555E-06 2.201E-02 4.715E-06 3.900E-03
8.000E+00 1.191E-06 2.003E-02 3.990E-06 4.422E-03
9.000E+00 9.409E-07 1.841E-02 3.456E-06 4.901E-03
1.000E+01 7.621E-07 1.706E-02 3.044E-06 5.336E-03
1.100E+01 6.297E-07 1.591E-02 2.718E-06 5.735E-03
1.200E+01 5.292E-07 1.492E-02 2.454E-06 6.103E-03
1.300E+01 4.510E-07 1.406E-02 2.236E-06 6.447E-03
1.400E+01 3.888E-07 1.330E-02 2.054E-06 6.768E-03
1.500E+01 3.387E-07 1.263E-02 1.898E-06 7.068E-03
1.600E+01 2.977E-07 1.203E-02 1.764E-06 7.351E-03
1.800E+01 2.352E-07 1.099E-02 1.546E-06 7.870E-03
2.000E+01 1.905E-07 1.013E-02 1.375E-06 8.335E-03
