#HfO2 Database from NIST
9.680E+00 0.000E+00 0.000E+00 0.000E+00 0.000E+00
8.000E+00 1.520E-01 3.500E+00 0.000E+00 0.000E+00
7.200E+01 8.480E-01 3.500E+00 0.000E+00 0.000E+00
0.000E+00 0.000E+00 0.000E+00 0.000E+00 0.000E+00
1.000E-03 9.670E+00 5.208E-03 3.516E+03 0.000E+00
1.500E-03 9.250E+00 9.334E-03 1.489E+03 0.000E+00
1.662E-03 9.100E+00 1.071E-02 1.188E+03 0.000E+00
1.662E-03 9.100E+00 1.071E-02 1.429E+03 0.000E+00
1.689E-03 9.075E+00 1.094E-02 2.021E+03 0.000E+00
1.716E-03 9.050E+00 1.117E-02 2.895E+03 0.000E+00
1.716E-03 9.050E+00 1.117E-02 3.243E+03 0.000E+00
2.000E-03 8.795E+00 1.358E-02 3.147E+03 0.000E+00
2.108E-03 8.693E+00 1.450E-02 2.756E+03 0.000E+00
2.108E-03 8.693E+00 1.450E-02 3.184E+03 0.000E+00
2.233E-03 8.573E+00 1.558E-02 2.768E+03 0.000E+00
2.365E-03 8.451E+00 1.671E-02 2.405E+03 0.000E+00
2.365E-03 8.451E+00 1.671E-02 2.553E+03 0.000E+00
2.480E-03 8.354E+00 1.770E-02 2.285E+03 0.000E+00
2.601E-03 8.253E+00 1.872E-02 2.046E+03 0.000E+00
2.601E-03 8.253E+00 1.872E-02 2.132E+03 0.000E+00
3.000E-03 7.889E+00 2.206E-02 1.525E+03 0.000E+00
4.000E-03 7.037E+00 2.993E-02 7.582E+02 0.000E+00
5.000E-03 6.268E+00 3.693E-02 4.346E+02 0.000E+00
6.000E-03 5.595E+00 4.305E-02 2.737E+02 0.000E+00
8.000E-03 4.498E+00 5.304E-02 1.304E+02 0.000E+00
9.561E-03 3.838E+00 5.927E-02 8.191E+01 0.000E+00
9.561E-03 3.838E+00 5.927E-02 2.139E+02 0.000E+00
1.000E-02 3.678E+00 6.085E-02 1.923E+02 0.000E+00
1.074E-02 3.426E+00 6.337E-02 1.579E+02 0.000E+00
1.074E-02 3.426E+00 6.337E-02 2.168E+02 0.000E+00
1.100E-02 3.344E+00 6.422E-02 2.045E+02 0.000E+00
1.127E-02 3.263E+00 6.508E-02 1.928E+02 0.000E+00
1.127E-02 3.263E+00 6.508E-02 2.228E+02 0.000E+00
1.500E-02 2.373E+00 7.533E-02 1.072E+02 0.000E+00
2.000E-02 1.675E+00 8.567E-02 4.999E+01 0.000E+00
3.000E-02 9.893E-01 9.871E-02 1.676E+01 0.000E+00
4.000E-02 6.498E-01 1.054E-01 7.617E+00 0.000E+00
5.000E-02 4.591E-01 1.088E-01 4.110E+00 0.000E+00
6.000E-02 3.440E-01 1.104E-01 2.475E+00 0.000E+00
6.535E-02 3.001E-01 1.108E-01 1.950E+00 0.000E+00
6.535E-02 3.001E-01 1.108E-01 1.010E+01 0.000E+00
8.000E-02 2.160E-01 1.107E-01 5.932E+00 0.000E+00
1.000E-01 1.480E-01 1.092E-01 3.288E+00 0.000E+00
1.500E-01 7.228E-02 1.031E-01 1.098E+00 0.000E+00
2.000E-01 4.304E-02 9.671E-02 5.013E-01 0.000E+00
3.000E-01 2.041E-02 8.601E-02 1.689E-01 0.000E+00
4.000E-01 1.185E-02 7.793E-02 8.026E-02 0.000E+00
5.000E-01 7.732E-03 7.162E-02 4.621E-02 0.000E+00
6.000E-01 5.437E-03 6.654E-02 3.001E-02 0.000E+00
8.000E-01 3.105E-03 5.871E-02 1.578E-02 0.000E+00
1.000E+00 2.005E-03 5.291E-02 9.908E-03 0.000E+00
1.022E+00 1.921E-03 5.235E-02 9.482E-03 0.000E+00
1.250E+00 1.292E-03 4.739E-02 6.392E-03 2.646E-04
1.500E+00 9.006E-04 4.311E-02 4.558E-03 1.236E-03
2.000E+00 5.088E-04 3.684E-02 2.762E-03 3.876E-03
2.044E+00 4.872E-04 3.638E-02 2.663E-03 4.115E-03
3.000E+00 2.269E-04 2.900E-02 1.450E-03 8.964E-03
4.000E+00 1.278E-04 2.420E-02 9.525E-04 1.326E-02
5.000E+00 8.184E-05 2.090E-02 7.001E-04 1.689E-02
6.000E+00 5.683E-05 1.848E-02 5.496E-04 2.003E-02
7.000E+00 4.177E-05 1.661E-02 4.509E-04 2.280E-02
8.000E+00 3.199E-05 1.512E-02 3.814E-04 2.529E-02
9.000E+00 2.527E-05 1.390E-02 3.302E-04 2.757E-02
1.000E+01 2.047E-05 1.288E-02 2.907E-04 2.965E-02
1.100E+01 1.692E-05 1.201E-02 2.594E-04 3.158E-02
1.200E+01 1.422E-05 1.126E-02 2.342E-04 3.338E-02
1.300E+01 1.212E-05 1.061E-02 2.133E-04 3.506E-02
1.400E+01 1.045E-05 1.004E-02 1.959E-04 3.662E-02
1.500E+01 9.101E-06 9.532E-03 1.810E-04 3.806E-02
1.600E+01 8.000E-06 9.078E-03 1.682E-04 3.942E-02
1.800E+01 6.321E-06 8.295E-03 1.473E-04 4.186E-02
2.000E+01 5.119E-06 7.651E-03 1.310E-04 4.406E-02