#HfO2 10% en Agua
1.100E+00 0.000E+00 0.000E+00 0.000E+00 0.000E+00
1.000E+00 1.007E-01 3.500E+00 0.000E+00 0.000E+00
8.000E+00 8.145E-01 3.500E+00 0.000E+00 0.000E+00
7.200E+01 8.480E-02 3.500E+00 0.000E+00 0.000E+00
0.000E+00 0.000E+00 0.000E+00 0.000E+00 0.000E+00
1.000E-03 2.202E+00 1.239E-02 4.020E+03 0.000E+00
1.500E-03 2.068E+00 2.499E-02 1.386E+03 0.000E+00
1.662E-03 2.019E+00 2.947E-02 1.052E+03 0.000E+00
1.662E-03 2.019E+00 2.947E-02 1.076E+03 0.000E+00
1.689E-03 2.011E+00 3.023E-02 1.094E+03 0.000E+00
1.716E-03 2.002E+00 3.101E-02 1.142E+03 0.000E+00
1.716E-03 2.002E+00 3.101E-02 1.177E+03 0.000E+00
2.000E-03 1.914E+00 3.901E-02 8.692E+02 0.000E+00
2.108E-03 1.880E+00 4.205E-02 7.535E+02 0.000E+00
2.108E-03 1.880E+00 4.205E-02 7.963E+02 0.000E+00
2.233E-03 1.840E+00 4.556E-02 6.823E+02 0.000E+00
2.365E-03 1.798E+00 4.923E-02 5.843E+02 0.000E+00
2.365E-03 1.798E+00 4.923E-02 5.990E+02 0.000E+00
2.480E-03 1.763E+00 5.237E-02 5.284E+02 0.000E+00
2.601E-03 1.727E+00 5.562E-02 4.661E+02 0.000E+00
2.601E-03 1.727E+00 5.562E-02 4.748E+02 0.000E+00
3.000E-03 1.607E+00 6.588E-02 3.251E+02 0.000E+00
4.000E-03 1.341E+00 8.786E-02 1.496E+02 0.000E+00
5.000E-03 1.129E+00 1.048E-01 8.119E+01 0.000E+00
6.000E-03 9.635E-01 1.176E-01 4.903E+01 0.000E+00
8.000E-03 7.290E-01 1.349E-01 2.197E+01 0.000E+00
9.561E-03 6.041E-01 1.436E-01 1.331E+01 0.000E+00
9.561E-03 6.041E-01 1.436E-01 2.652E+01 0.000E+00
1.000E-02 5.753E-01 1.456E-01 2.368E+01 0.000E+00
1.074E-02 5.312E-01 1.486E-01 1.935E+01 0.000E+00
1.074E-02 5.312E-01 1.486E-01 2.524E+01 0.000E+00
1.100E-02 5.170E-01 1.496E-01 2.374E+01 0.000E+00
1.127E-02 5.031E-01 1.505E-01 2.234E+01 0.000E+00
1.127E-02 5.031E-01 1.505E-01 2.534E+01 0.000E+00
1.500E-02 3.572E-01 1.605E-01 1.195E+01 0.000E+00
2.000E-02 2.472E-01 1.682E-01 5.488E+00 0.000E+00
3.000E-02 1.412E-01 1.745E-01 1.807E+00 0.000E+00
4.000E-02 9.084E-02 1.750E-01 8.128E-01 0.000E+00
5.000E-02 6.333E-02 1.732E-01 4.355E-01 0.000E+00
6.000E-02 4.692E-02 1.704E-01 2.609E-01 0.000E+00
6.535E-02 4.072E-02 1.687E-01 2.051E-01 0.000E+00
6.535E-02 4.072E-02 1.687E-01 1.020E+00 0.000E+00
8.000E-02 2.894E-02 1.638E-01 5.984E-01 0.000E+00
1.000E-01 1.962E-02 1.573E-01 3.313E-01 0.000E+00
1.500E-01 9.426E-03 1.429E-01 1.104E-01 0.000E+00
2.000E-01 5.553E-03 1.315E-01 5.039E-02 0.000E+00
3.000E-01 2.600E-03 1.147E-01 1.696E-02 0.000E+00
4.000E-01 1.501E-03 1.030E-01 8.057E-03 0.000E+00
5.000E-01 9.754E-04 9.413E-02 4.638E-03 0.000E+00
6.000E-01 6.842E-04 8.711E-02 3.012E-03 0.000E+00
8.000E-01 3.896E-04 7.658E-02 1.583E-03 0.000E+00
1.000E+00 2.512E-04 6.888E-02 9.942E-04 0.000E+00
1.022E+00 2.406E-04 6.815E-02 9.513E-04 0.000E+00
1.250E+00 1.616E-04 6.160E-02 6.413E-04 4.245E-05
1.500E+00 1.126E-04 5.599E-02 4.573E-04 2.120E-04
2.000E+00 6.355E-05 4.779E-02 2.771E-04 7.393E-04
2.044E+00 6.085E-05 4.719E-02 2.672E-04 7.906E-04
3.000E+00 2.832E-05 3.759E-02 1.455E-04 1.914E-03
4.000E+00 1.594E-05 3.136E-02 9.562E-05 3.006E-03
5.000E+00 1.021E-05 2.708E-02 7.029E-05 3.976E-03
6.000E+00 7.090E-06 2.394E-02 5.519E-05 4.842E-03
7.000E+00 5.211E-06 2.152E-02 4.528E-05 5.619E-03
8.000E+00 3.991E-06 1.958E-02 3.830E-05 6.320E-03
9.000E+00 3.153E-06 1.800E-02 3.316E-05 6.962E-03
1.000E+01 2.554E-06 1.668E-02 2.920E-05 7.546E-03
1.100E+01 2.111E-06 1.556E-02 2.606E-05 8.084E-03
1.200E+01 1.774E-06 1.459E-02 2.352E-05 8.583E-03
1.300E+01 1.511E-06 1.374E-02 2.143E-05 9.049E-03
1.400E+01 1.303E-06 1.300E-02 1.967E-05 9.482E-03
1.500E+01 1.135E-06 1.234E-02 1.818E-05 9.886E-03
1.600E+01 9.979E-07 1.176E-02 1.689E-05 1.027E-02
1.800E+01 7.885E-07 1.074E-02 1.480E-05 1.096E-02
2.000E+01 6.386E-07 9.907E-03 1.316E-05 1.159E-02