#HfO2 2% en Agua
1.020E+00 0.000E+00 0.000E+00 0.000E+00 0.000E+00
1.000E+00 1.097E-01 3.500E+00 0.000E+00 0.000E+00
8.000E+00 8.734E-01 3.500E+00 0.000E+00 0.000E+00
7.200E+01 1.696E-02 3.500E+00 0.000E+00 0.000E+00
0.000E+00 0.000E+00 0.000E+00 0.000E+00 0.000E+00
1.000E-03 1.538E+00 1.303E-02 4.064E+03 0.000E+00
1.500E-03 1.429E+00 2.638E-02 1.377E+03 0.000E+00
1.662E-03 1.390E+00 3.114E-02 1.039E+03 0.000E+00
1.662E-03 1.390E+00 3.114E-02 1.044E+03 0.000E+00
1.689E-03 1.383E+00 3.195E-02 1.011E+03 0.000E+00
1.716E-03 1.376E+00 3.277E-02 9.860E+02 0.000E+00
1.716E-03 1.376E+00 3.277E-02 9.929E+02 0.000E+00
2.000E-03 1.302E+00 4.127E-02 6.668E+02 0.000E+00
2.108E-03 1.274E+00 4.450E-02 5.755E+02 0.000E+00
2.108E-03 1.274E+00 4.450E-02 5.841E+02 0.000E+00
2.233E-03 1.241E+00 4.822E-02 4.969E+02 0.000E+00
2.365E-03 1.207E+00 5.212E-02 4.224E+02 0.000E+00
2.365E-03 1.207E+00 5.212E-02 4.254E+02 0.000E+00
2.480E-03 1.177E+00 5.546E-02 3.723E+02 0.000E+00
2.601E-03 1.147E+00 5.890E-02 3.257E+02 0.000E+00
2.601E-03 1.147E+00 5.890E-02 3.274E+02 0.000E+00
3.000E-03 1.048E+00 6.977E-02 2.185E+02 0.000E+00
4.000E-03 8.348E-01 9.301E-02 9.550E+01 0.000E+00
5.000E-03 6.721E-01 1.108E-01 4.978E+01 0.000E+00
6.000E-03 5.518E-01 1.242E-01 2.906E+01 0.000E+00
8.000E-03 3.940E-01 1.422E-01 1.233E+01 0.000E+00
9.561E-03 3.167E-01 1.511E-01 7.216E+00 0.000E+00
9.561E-03 3.167E-01 1.511E-01 9.857E+00 0.000E+00
1.000E-02 2.995E-01 1.531E-01 8.692E+00 0.000E+00
1.074E-02 2.739E-01 1.562E-01 7.030E+00 0.000E+00
1.074E-02 2.739E-01 1.562E-01 8.208E+00 0.000E+00
1.100E-02 2.657E-01 1.572E-01 7.678E+00 0.000E+00
1.127E-02 2.578E-01 1.581E-01 7.182E+00 0.000E+00
1.127E-02 2.578E-01 1.581E-01 7.782E+00 0.000E+00
1.500E-02 1.781E-01 1.680E-01 3.486E+00 0.000E+00
2.000E-02 1.203E-01 1.755E-01 1.533E+00 0.000E+00
3.000E-02 6.578E-02 1.812E-01 4.781E-01 0.000E+00
4.000E-02 4.116E-02 1.812E-01 2.080E-01 0.000E+00
5.000E-02 2.815E-02 1.789E-01 1.089E-01 0.000E+00
6.000E-02 2.052E-02 1.757E-01 6.412E-02 0.000E+00
6.535E-02 1.766E-02 1.738E-01 5.003E-02 0.000E+00
6.535E-02 1.766E-02 1.738E-01 2.131E-01 0.000E+00
8.000E-02 1.232E-02 1.685E-01 1.243E-01 0.000E+00
1.000E-01 8.203E-03 1.615E-01 6.846E-02 0.000E+00
1.500E-01 3.839E-03 1.465E-01 2.267E-02 0.000E+00
2.000E-01 2.221E-03 1.346E-01 1.031E-02 0.000E+00
3.000E-01 1.017E-03 1.173E-01 3.457E-03 0.000E+00
4.000E-01 5.806E-04 1.052E-01 1.639E-03 0.000E+00
5.000E-01 3.748E-04 9.613E-02 9.427E-04 0.000E+00
6.000E-01 2.617E-04 8.894E-02 6.118E-04 0.000E+00
8.000E-01 1.482E-04 7.817E-02 3.213E-04 0.000E+00
1.000E+00 9.525E-05 7.030E-02 2.018E-04 0.000E+00
1.022E+00 9.123E-05 6.956E-02 1.930E-04 0.000E+00
1.250E+00 6.115E-05 6.286E-02 1.301E-04 2.270E-05
1.500E+00 4.253E-05 5.713E-02 9.282E-05 1.210E-04
2.000E+00 2.397E-05 4.877E-02 5.628E-05 4.605E-04
2.044E+00 2.295E-05 4.815E-02 5.427E-05 4.950E-04
3.000E+00 1.067E-05 3.836E-02 2.958E-05 1.287E-03
4.000E+00 6.004E-06 3.200E-02 1.945E-05 2.095E-03
5.000E+00 3.843E-06 2.763E-02 1.431E-05 2.827E-03
6.000E+00 2.669E-06 2.442E-02 1.124E-05 3.493E-03
7.000E+00 1.961E-06 2.195E-02 9.222E-06 4.091E-03
8.000E+00 1.502E-06 1.998E-02 7.803E-06 4.633E-03
9.000E+00 1.187E-06 1.837E-02 6.757E-06 5.130E-03
1.000E+01 9.612E-07 1.702E-02 5.950E-06 5.581E-03
1.100E+01 7.943E-07 1.587E-02 5.311E-06 5.996E-03
1.200E+01 6.674E-07 1.489E-02 4.795E-06 6.379E-03
1.300E+01 5.688E-07 1.402E-02 4.369E-06 6.737E-03
1.400E+01 4.904E-07 1.326E-02 4.011E-06 7.070E-03
1.500E+01 4.272E-07 1.259E-02 3.707E-06 7.380E-03
1.600E+01 3.755E-07 1.200E-02 3.445E-06 7.676E-03
1.800E+01 2.967E-07 1.096E-02 3.018E-06 8.213E-03
2.000E+01 2.403E-07 1.011E-02 2.684E-06 8.696E-03