#HfO 2% in Water
1.020E+00 0.000E+00 0.000E+00 0.000E+00 0.000E+00
1.000E+00 1.100E-01 3.500E+00 0.000E+00 0.000E+00
8.000E+00 8.720E-01 3.500E+00 0.000E+00 0.000E+00
7.200E+01 1.840E-02 3.500E+00 0.000E+00 0.000E+00
0.000E+00 0.000E+00 0.000E+00 0.000E+00 0.000E+00
1.000E-03 1.552E+00 1.303E-02 4.063E+03 0.000E+00
1.500E-03 1.442E+00 2.637E-02 1.377E+03 0.000E+00
1.662E-03 1.402E+00 3.112E-02 1.039E+03 0.000E+00
1.662E-03 1.402E+00 3.112E-02 1.045E+03 0.000E+00
1.689E-03 1.395E+00 3.193E-02 1.013E+03 0.000E+00
1.716E-03 1.388E+00 3.275E-02 9.890E+02 0.000E+00
1.716E-03 1.388E+00 3.275E-02 9.965E+02 0.000E+00
2.000E-03 1.315E+00 4.125E-02 6.708E+02 0.000E+00
2.108E-03 1.286E+00 4.447E-02 5.791E+02 0.000E+00
2.108E-03 1.286E+00 4.447E-02 5.883E+02 0.000E+00
2.233E-03 1.253E+00 4.819E-02 5.006E+02 0.000E+00
2.365E-03 1.219E+00 5.209E-02 4.257E+02 0.000E+00
2.365E-03 1.219E+00 5.209E-02 4.289E+02 0.000E+00
2.480E-03 1.189E+00 5.542E-02 3.754E+02 0.000E+00
2.601E-03 1.158E+00 5.886E-02 3.285E+02 0.000E+00
2.601E-03 1.158E+00 5.886E-02 3.304E+02 0.000E+00
3.000E-03 1.060E+00 6.973E-02 2.207E+02 0.000E+00
4.000E-03 8.451E-01 9.295E-02 9.659E+01 0.000E+00
5.000E-03 6.814E-01 1.107E-01 5.041E+01 0.000E+00
6.000E-03 5.602E-01 1.241E-01 2.946E+01 0.000E+00
8.000E-03 4.008E-01 1.420E-01 1.252E+01 0.000E+00
9.561E-03 3.225E-01 1.510E-01 7.340E+00 0.000E+00
9.561E-03 3.225E-01 1.510E-01 1.020E+01 0.000E+00
1.000E-02 3.051E-01 1.530E-01 8.999E+00 0.000E+00
1.074E-02 2.791E-01 1.561E-01 7.283E+00 0.000E+00
1.074E-02 2.791E-01 1.561E-01 8.558E+00 0.000E+00
1.100E-02 2.708E-01 1.571E-01 8.008E+00 0.000E+00
1.127E-02 2.628E-01 1.580E-01 7.493E+00 0.000E+00
1.127E-02 2.628E-01 1.580E-01 8.142E+00 0.000E+00
1.500E-02 1.817E-01 1.679E-01 3.659E+00 0.000E+00
2.000E-02 1.229E-01 1.754E-01 1.614E+00 0.000E+00
3.000E-02 6.733E-02 1.811E-01 5.054E-01 0.000E+00
4.000E-02 4.218E-02 1.811E-01 2.204E-01 0.000E+00
5.000E-02 2.887E-02 1.788E-01 1.156E-01 0.000E+00
6.000E-02 2.106E-02 1.756E-01 6.817E-02 0.000E+00
6.535E-02 1.813E-02 1.737E-01 5.321E-02 0.000E+00
6.535E-02 1.813E-02 1.737E-01 2.297E-01 0.000E+00
8.000E-02 1.266E-02 1.685E-01 1.340E-01 0.000E+00
1.000E-01 8.437E-03 1.615E-01 7.387E-02 0.000E+00
1.500E-01 3.953E-03 1.464E-01 2.448E-02 0.000E+00
2.000E-01 2.289E-03 1.345E-01 1.113E-02 0.000E+00
3.000E-01 1.050E-03 1.173E-01 3.735E-03 0.000E+00
4.000E-01 5.995E-04 1.052E-01 1.771E-03 0.000E+00
5.000E-01 3.871E-04 9.610E-02 1.019E-03 0.000E+00
6.000E-01 2.704E-04 8.891E-02 6.611E-04 0.000E+00
8.000E-01 1.532E-04 7.815E-02 3.473E-04 0.000E+00
1.000E+00 9.844E-05 7.029E-02 2.181E-04 0.000E+00
1.022E+00 9.429E-05 6.954E-02 2.086E-04 0.000E+00
1.250E+00 6.321E-05 6.285E-02 1.406E-04 2.311E-05
1.500E+00 4.396E-05 5.712E-02 1.003E-04 1.228E-04
2.000E+00 2.478E-05 4.876E-02 6.082E-05 4.662E-04
2.044E+00 2.372E-05 4.814E-02 5.865E-05 5.011E-04
3.000E+00 1.103E-05 3.835E-02 3.196E-05 1.300E-03
4.000E+00 6.208E-06 3.199E-02 2.102E-05 2.113E-03
5.000E+00 3.974E-06 2.763E-02 1.546E-05 2.851E-03
6.000E+00 2.760E-06 2.442E-02 1.214E-05 3.520E-03
7.000E+00 2.028E-06 2.195E-02 9.964E-06 4.122E-03
8.000E+00 1.553E-06 1.997E-02 8.430E-06 4.667E-03
9.000E+00 1.227E-06 1.836E-02 7.300E-06 5.167E-03
1.000E+01 9.938E-07 1.701E-02 6.428E-06 5.621E-03
1.100E+01 8.213E-07 1.587E-02 5.738E-06 6.038E-03
1.200E+01 6.901E-07 1.488E-02 5.180E-06 6.424E-03
1.300E+01 5.881E-07 1.402E-02 4.719E-06 6.784E-03
1.400E+01 5.071E-07 1.326E-02 4.333E-06 7.118E-03
1.500E+01 4.417E-07 1.259E-02 4.004E-06 7.431E-03
1.600E+01 3.882E-07 1.199E-02 3.722E-06 7.727E-03
1.800E+01 3.068E-07 1.096E-02 3.260E-06 8.269E-03
2.000E+01 2.485E-07 1.011E-02 2.899E-06 8.754E-03