#HfO 10% in Water
1.100E+00 0.000E+00 0.000E+00 0.000E+00 0.000E+00
1.000E+00 1.010E-01 3.500E+00 0.000E+00 0.000E+00
8.000E+00 8.080E-01 3.500E+00 0.000E+00 0.000E+00
7.200E+01 9.180E-02 3.500E+00 0.000E+00 0.000E+00
0.000E+00 0.000E+00 0.000E+00 0.000E+00 0.000E+00
1.000E-03 2.269E+00 1.237E-02 4.011E+03 0.000E+00
1.500E-03 2.132E+00 2.492E-02 1.385E+03 0.000E+00
1.662E-03 2.083E+00 2.939E-02 1.052E+03 0.000E+00
1.662E-03 2.083E+00 2.939E-02 1.078E+03 0.000E+00
1.689E-03 2.074E+00 3.014E-02 1.101E+03 0.000E+00
1.716E-03 2.066E+00 3.091E-02 1.157E+03 0.000E+00
1.716E-03 2.066E+00 3.091E-02 1.195E+03 0.000E+00
2.000E-03 1.976E+00 3.889E-02 8.894E+02 0.000E+00
2.108E-03 1.941E+00 4.191E-02 7.713E+02 0.000E+00
2.108E-03 1.941E+00 4.191E-02 8.176E+02 0.000E+00
2.233E-03 1.900E+00 4.541E-02 7.009E+02 0.000E+00
2.365E-03 1.858E+00 4.907E-02 6.005E+02 0.000E+00
2.365E-03 1.858E+00 4.907E-02 6.165E+02 0.000E+00
2.480E-03 1.822E+00 5.220E-02 5.441E+02 0.000E+00
2.601E-03 1.786E+00 5.543E-02 4.802E+02 0.000E+00
2.601E-03 1.786E+00 5.543E-02 4.896E+02 0.000E+00
3.000E-03 1.663E+00 6.564E-02 3.359E+02 0.000E+00
4.000E-03 1.393E+00 8.753E-02 1.551E+02 0.000E+00
5.000E-03 1.175E+00 1.044E-01 8.438E+01 0.000E+00
6.000E-03 1.005E+00 1.171E-01 5.106E+01 0.000E+00
8.000E-03 7.632E-01 1.343E-01 2.295E+01 0.000E+00
9.561E-03 6.334E-01 1.431E-01 1.393E+01 0.000E+00
9.561E-03 6.334E-01 1.431E-01 2.822E+01 0.000E+00
1.000E-02 6.035E-01 1.450E-01 2.522E+01 0.000E+00
1.074E-02 5.574E-01 1.480E-01 2.061E+01 0.000E+00
1.074E-02 5.574E-01 1.480E-01 2.698E+01 0.000E+00
1.100E-02 5.426E-01 1.490E-01 2.539E+01 0.000E+00
1.127E-02 5.282E-01 1.500E-01 2.389E+01 0.000E+00
1.127E-02 5.282E-01 1.500E-01 2.714E+01 0.000E+00
1.500E-02 3.755E-01 1.599E-01 1.282E+01 0.000E+00
2.000E-02 2.602E-01 1.676E-01 5.895E+00 0.000E+00
3.000E-02 1.489E-01 1.739E-01 1.944E+00 0.000E+00
4.000E-02 9.593E-02 1.745E-01 8.750E-01 0.000E+00
5.000E-02 6.693E-02 1.727E-01 4.691E-01 0.000E+00
6.000E-02 4.963E-02 1.700E-01 2.811E-01 0.000E+00
6.535E-02 4.308E-02 1.683E-01 2.210E-01 0.000E+00
6.535E-02 4.308E-02 1.683E-01 1.103E+00 0.000E+00
8.000E-02 3.065E-02 1.635E-01 6.471E-01 0.000E+00
1.000E-01 2.079E-02 1.570E-01 3.583E-01 0.000E+00
1.500E-01 9.998E-03 1.427E-01 1.195E-01 0.000E+00
2.000E-01 5.894E-03 1.313E-01 5.451E-02 0.000E+00
3.000E-01 2.762E-03 1.146E-01 1.835E-02 0.000E+00
4.000E-01 1.595E-03 1.028E-01 8.717E-03 0.000E+00
5.000E-01 1.037E-03 9.400E-02 5.018E-03 0.000E+00
6.000E-01 7.275E-04 8.699E-02 3.259E-03 0.000E+00
8.000E-01 4.143E-04 7.648E-02 1.713E-03 0.000E+00
1.000E+00 2.671E-04 6.880E-02 1.076E-03 0.000E+00
1.022E+00 2.559E-04 6.807E-02 1.029E-03 0.000E+00
1.250E+00 1.719E-04 6.152E-02 6.939E-04 4.446E-05
1.500E+00 1.198E-04 5.591E-02 4.948E-04 2.213E-04
2.000E+00 6.760E-05 4.773E-02 2.998E-04 7.677E-04
2.044E+00 6.473E-05 4.713E-02 2.891E-04 8.207E-04
3.000E+00 3.013E-05 3.755E-02 1.574E-04 1.978E-03
4.000E+00 1.696E-05 3.132E-02 1.034E-04 3.099E-03
5.000E+00 1.086E-05 2.705E-02 7.605E-05 4.092E-03
6.000E+00 7.543E-06 2.391E-02 5.971E-05 4.979E-03
7.000E+00 5.544E-06 2.149E-02 4.899E-05 5.773E-03
8.000E+00 4.246E-06 1.956E-02 4.144E-05 6.491E-03
9.000E+00 3.354E-06 1.798E-02 3.587E-05 7.148E-03
1.000E+01 2.717E-06 1.666E-02 3.159E-05 7.745E-03
1.100E+01 2.246E-06 1.554E-02 2.819E-05 8.296E-03
1.200E+01 1.887E-06 1.457E-02 2.544E-05 8.806E-03
1.300E+01 1.608E-06 1.373E-02 2.318E-05 9.282E-03
1.400E+01 1.386E-06 1.298E-02 2.128E-05 9.726E-03
1.500E+01 1.208E-06 1.233E-02 1.967E-05 1.014E-02
1.600E+01 1.062E-06 1.174E-02 1.828E-05 1.053E-02
1.800E+01 8.389E-07 1.073E-02 1.601E-05 1.123E-02
2.000E+01 6.794E-07 9.895E-03 1.423E-05 1.188E-02
