# LITHIUM from NIST Database
5.340e-01 0.000e+00 0.000e+00 0.000e+00 0.000e+00 0.000e+00
3.000e+00 1.000e+00 3.500e+00 0.000e+00 0.000e+00 0.000e+00
0.000e+00 0.000e+00 0.000e+00 0.000e+00 0.000e+00 0.000e+00
1.000e-03 4.107e-01 3.079e-02 2.334e+02 0.000e+00 2.335e+02
1.020e-03 4.073e-01 3.145e-02 2.195e+02 0.000e+00 2.196e+02
1.126e-03 3.905e-01 3.491e-02 1.617e+02 0.000e+00 1.615e+02
1.243e-03 3.739e-01 3.861e-02 1.190e+02 0.000e+00 1.188e+02
1.372e-03 3.573e-01 4.240e-02 8.758e+01 0.000e+00 8.745e+01
1.500e-03 3.419e-01 4.575e-02 6.629e+01 0.000e+00 6.629e+01
1.515e-03 3.402e-01 4.611e-02 6.426e+01 0.000e+00 6.424e+01
1.672e-03 3.229e-01 4.955e-02 4.714e+01 0.000e+00 4.705e+01
1.846e-03 3.056e-01 5.279e-02 3.447e+01 0.000e+00 3.441e+01
2.000e-03 2.920e-01 5.534e-02 2.672e+01 0.000e+00 2.672e+01
2.038e-03 2.889e-01 5.594e-02 2.517e+01 0.000e+00 2.515e+01
2.250e-03 2.732e-01 5.913e-02 1.834e+01 0.000e+00 1.829e+01
2.483e-03 2.583e-01 6.240e-02 1.336e+01 0.000e+00 1.332e+01
2.741e-03 2.441e-01 6.584e-02 9.709e+00 0.000e+00 9.693e+00
3.000e-03 2.316e-01 6.915e-02 7.248e+00 0.000e+00 7.249e+00
3.026e-03 2.304e-01 6.948e-02 7.048e+00 0.000e+00 7.048e+00
3.341e-03 2.172e-01 7.339e-02 5.110e+00 0.000e+00 5.105e+00
3.688e-03 2.042e-01 7.757e-02 3.704e+00 0.000e+00 3.700e+00
4.000e-03 1.936e-01 8.122e-02 2.840e+00 0.000e+00 2.840e+00
4.071e-03 1.913e-01 8.203e-02 2.681e+00 0.000e+00 2.680e+00
4.494e-03 1.782e-01 8.679e-02 1.937e+00 0.000e+00 1.937e+00
4.961e-03 1.650e-01 9.182e-02 1.399e+00 0.000e+00 1.400e+00
5.000e-03 1.639e-01 9.223e-02 1.363e+00 0.000e+00 1.364e+00
5.477e-03 1.515e-01 9.711e-02 1.009e+00 0.000e+00 1.010e+00
6.000e-03 1.390e-01 1.021e-01 7.465e-01 0.000e+00 7.477e-01
6.046e-03 1.379e-01 1.025e-01 7.279e-01 0.000e+00 7.291e-01
6.675e-03 1.245e-01 1.080e-01 5.241e-01 0.000e+00 5.256e-01
7.368e-03 1.114e-01 1.134e-01 3.773e-01 0.000e+00 3.791e-01
8.000e-03 1.009e-01 1.177e-01 2.867e-01 0.000e+00 2.888e-01
8.134e-03 9.883e-02 1.186e-01 2.713e-01 0.000e+00 2.735e-01
8.979e-03 8.688e-02 1.236e-01 1.950e-01 0.000e+00 1.976e-01
9.912e-03 7.579e-02 1.283e-01 1.401e-01 0.000e+00 1.428e-01
1.000e-02 7.485e-02 1.287e-01 1.360e-01 0.000e+00 1.387e-01
1.094e-02 6.570e-02 1.325e-01 1.007e-01 0.000e+00 1.048e-01
1.208e-02 5.658e-02 1.362e-01 7.215e-02 0.000e+00 7.688e-02
1.334e-02 4.847e-02 1.395e-01 5.166e-02 0.000e+00 5.639e-02
1.472e-02 4.139e-02 1.422e-01 3.707e-02 0.000e+00 4.147e-02
1.500e-02 4.014e-02 1.426e-01 3.478e-02 0.000e+00 3.910e-02
1.625e-02 3.518e-02 1.444e-01 2.654e-02 0.000e+00 3.192e-02
1.794e-02 2.980e-02 1.462e-01 1.900e-02 0.000e+00 2.483e-02
1.980e-02 2.517e-02 1.476e-01 1.361e-02 0.000e+00 1.934e-02
2.000e-02 2.474e-02 1.477e-01 1.315e-02 0.000e+00 1.885e-02
2.186e-02 2.118e-02 1.485e-01 9.736e-03 0.000e+00 1.687e-02
2.413e-02 1.779e-02 1.491e-01 6.970e-03 0.000e+00 1.492e-02
2.664e-02 1.489e-02 1.493e-01 4.985e-03 0.000e+00 1.319e-02
2.941e-02 1.244e-02 1.491e-01 3.565e-03 0.000e+00 1.166e-02
3.000e-02 1.199e-02 1.491e-01 3.333e-03 0.000e+00 1.138e-02
3.247e-02 1.036e-02 1.487e-01 2.547e-03 0.000e+00 1.136e-02
3.584e-02 8.618e-03 1.479e-01 1.821e-03 0.000e+00 1.134e-02
3.957e-02 7.151e-03 1.469e-01 1.301e-03 0.000e+00 1.131e-02
4.000e-02 7.006e-03 1.468e-01 1.254e-03 0.000e+00 1.131e-02
4.368e-02 5.926e-03 1.457e-01 9.296e-04 0.000e+00 1.172e-02
4.822e-02 4.903e-03 1.443e-01 6.643e-04 0.000e+00 1.219e-02
5.000e-02 4.572e-03 1.437e-01 5.874e-04 0.000e+00 1.237e-02
5.323e-02 4.052e-03 1.426e-01 4.749e-04 0.000e+00 1.278e-02
5.876e-02 3.344e-03 1.407e-01 3.395e-04 0.000e+00 1.346e-02
6.000e-02 3.211e-03 1.403e-01 3.162e-04 0.000e+00 1.361e-02
6.486e-02 2.758e-03 1.386e-01 2.427e-04 0.000e+00 1.419e-02
7.161e-02 2.272e-03 1.363e-01 1.734e-04 0.000e+00 1.496e-02
7.905e-02 1.871e-03 1.339e-01 1.240e-04 0.000e+00 1.578e-02
8.000e-02 1.827e-03 1.336e-01 1.191e-04 0.000e+00 1.588e-02
8.726e-02 1.540e-03 1.314e-01 8.880e-05 0.000e+00 1.659e-02
9.633e-02 1.267e-03 1.287e-01 6.361e-05 0.000e+00 1.743e-02
1.000e-01 1.176e-03 1.276e-01 5.608e-05 0.000e+00 1.776e-02
1.063e-01 1.042e-03 1.259e-01 4.566e-05 0.000e+00 1.821e-02
1.174e-01 8.560e-04 1.229e-01 3.272e-05 0.000e+00 1.897e-02
1.296e-01 7.033e-04 1.199e-01 2.351e-05 0.000e+00 1.976e-02
1.431e-01 5.774e-04 1.167e-01 1.690e-05 0.000e+00 2.058e-02
1.500e-01 5.257e-04 1.152e-01 1.445e-05 0.000e+00 2.098e-02
1.579e-01 4.746e-04 1.135e-01 1.220e-05 0.000e+00 2.131e-02
1.743e-01 3.898e-04 1.103e-01 8.809e-06 0.000e+00 2.196e-02
1.925e-01 3.198e-04 1.070e-01 6.367e-06 0.000e+00 2.264e-02
2.000e-01 2.963e-04 1.057e-01 5.623e-06 0.000e+00 2.290e-02
2.125e-01 2.625e-04 1.036e-01 4.621e-06 0.000e+00 2.318e-02
2.345e-01 2.157e-04 1.003e-01 3.369e-06 0.000e+00 2.363e-02
2.589e-01 1.770e-04 9.694e-02 2.463e-06 0.000e+00 2.410e-02
2.858e-01 1.453e-04 9.360e-02 1.809e-06 0.000e+00 2.457e-02
3.000e-01 1.319e-04 9.197e-02 1.558e-06 0.000e+00 2.481e-02
3.155e-01 1.192e-04 9.027e-02 1.336e-06 0.000e+00 2.493e-02
3.483e-01 9.786e-05 8.697e-02 9.926e-07 0.000e+00 2.518e-02
3.845e-01 8.031e-05 8.371e-02 7.413e-07 0.000e+00 2.542e-02
4.000e-01 7.421e-05 8.242e-02 6.607e-07 0.000e+00 2.552e-02
4.245e-01 6.589e-05 8.049e-02 5.566e-07 0.000e+00 2.557e-02
4.686e-01 5.408e-05 7.732e-02 4.217e-07 0.000e+00 2.564e-02
5.000e-01 4.750e-05 7.527e-02 3.541e-07 0.000e+00 2.569e-02
5.173e-01 4.438e-05 7.421e-02 3.240e-07 0.000e+00 2.567e-02
5.710e-01 3.643e-05 7.115e-02 2.509e-07 0.000e+00 2.562e-02
6.000e-01 3.300e-05 6.964e-02 2.198e-07 0.000e+00 2.559e-02
6.304e-01 2.989e-05 6.815e-02 1.915e-07 0.000e+00 2.549e-02
6.959e-01 2.453e-05 6.522e-02 1.461e-07 0.000e+00 2.528e-02
7.682e-01 2.013e-05 6.235e-02 1.177e-07 0.000e+00 2.507e-02
8.000e-01 1.856e-05 6.119e-02 1.107e-07 0.000e+00 2.499e-02
8.480e-01 1.651e-05 5.954e-02 1.043e-07 0.000e+00 2.478e-02
9.361e-01 1.355e-05 5.680e-02 8.924e-08 0.000e+00 2.442e-02
1.000e+00 1.188e-05 5.502e-02 6.888e-08 0.000e+00 2.419e-02
1.022e+00 1.137e-05 5.443e-02 6.106e-08 0.000e+00 2.408e-02
1.033e+00 1.113e-05 5.415e-02 5.789e-08 1.168e-09 2.403e-02
1.141e+00 9.129e-06 5.153e-02 4.465e-08 1.121e-06 2.355e-02
1.250e+00 7.604e-06 4.919e-02 4.154e-08 6.118e-06 2.312e-02
1.259e+00 7.495e-06 4.901e-02 4.124e-08 6.737e-06 2.308e-02
1.390e+00 6.149e-06 4.656e-02 3.520e-08 1.923e-05 2.252e-02
1.500e+00 5.280e-06 4.472e-02 3.025e-08 3.430e-05 2.210e-02
1.535e+00 5.042e-06 4.417e-02 2.896e-08 3.985e-05 2.195e-02
1.694e+00 4.138e-06 4.186e-02 2.454e-08 6.889e-05 2.131e-02
1.870e+00 3.396e-06 3.963e-02 2.118e-08 1.067e-04 2.069e-02
2.000e+00 2.970e-06 3.816e-02 1.919e-08 1.373e-04 2.028e-02
2.044e+00 2.844e-06 3.769e-02 1.858e-08 1.481e-04 2.012e-02
2.065e+00 2.787e-06 3.747e-02 1.829e-08 1.533e-04 2.005e-02
2.279e+00 2.289e-06 3.540e-02 1.583e-08 2.077e-04 1.935e-02
2.516e+00 1.878e-06 3.339e-02 1.377e-08 2.709e-04 1.867e-02
2.778e+00 1.539e-06 3.146e-02 1.202e-08 3.428e-04 1.802e-02
3.000e+00 1.320e-06 3.002e-02 1.085e-08 4.048e-04 1.753e-02
3.066e+00 1.263e-06 2.962e-02 1.054e-08 4.233e-04 1.738e-02
3.385e+00 1.037e-06 2.785e-02 9.263e-09 5.131e-04 1.670e-02
3.737e+00 8.507e-07 2.616e-02 8.166e-09 6.113e-04 1.604e-02
4.000e+00 7.426e-07 2.504e-02 7.499e-09 6.835e-04 1.561e-02
4.125e+00 6.983e-07 2.455e-02 7.218e-09 7.173e-04 1.541e-02
4.554e+00 5.730e-07 2.300e-02 6.394e-09 8.310e-04 1.479e-02
5.000e+00 4.753e-07 2.162e-02 5.714e-09 9.456e-04 1.422e-02
5.027e+00 4.702e-07 2.154e-02 5.677e-09 9.525e-04 1.419e-02
5.549e+00 3.859e-07 2.016e-02 5.050e-09 1.082e-03 1.360e-02
6.000e+00 3.300e-07 1.911e-02 4.610e-09 1.189e-03 1.316e-02
6.126e+00 3.166e-07 1.884e-02 4.500e-09 1.218e-03 1.305e-02
6.762e+00 2.599e-07 1.760e-02 4.016e-09 1.359e-03 1.252e-02
7.000e+00 2.425e-07 1.718e-02 3.861e-09 1.411e-03 1.234e-02
7.465e+00 2.132e-07 1.642e-02 3.589e-09 1.508e-03 1.201e-02
8.000e+00 1.857e-07 1.563e-02 3.320e-09 1.614e-03 1.167e-02
8.241e+00 1.750e-07 1.531e-02 3.211e-09 1.661e-03 1.153e-02
9.000e+00 1.467e-07 1.437e-02 2.911e-09 1.801e-03 1.113e-02
9.097e+00 1.436e-07 1.426e-02 2.877e-09 1.819e-03 1.108e-02
1.000e+01 1.188e-07 1.332e-02 2.592e-09 1.973e-03 1.066e-02
1.004e+01 1.178e-07 1.328e-02 2.580e-09 1.980e-03 1.064e-02
1.100e+01 9.821e-08 1.242e-02 2.335e-09 2.132e-03 1.029e-02
1.109e+01 9.663e-08 1.234e-02 2.314e-09 2.145e-03 1.026e-02
1.200e+01 8.251e-08 1.164e-02 2.124e-09 2.278e-03 9.968e-03
1.224e+01 7.930e-08 1.148e-02 2.079e-09 2.313e-03 9.896e-03
1.300e+01 7.030e-08 1.098e-02 1.949e-09 2.416e-03 9.679e-03
1.351e+01 6.510e-08 1.066e-02 1.870e-09 2.483e-03 9.543e-03
1.400e+01 6.062e-08 1.038e-02 1.799e-09 2.545e-03 9.418e-03
1.491e+01 5.344e-08 9.901e-03 1.683e-09 2.654e-03 9.202e-03
1.500e+01 5.280e-08 9.856e-03 1.672e-09 2.665e-03 9.182e-03
1.600e+01 4.641e-08 9.388e-03 1.561e-09 2.780e-03 8.997e-03
1.646e+01 4.385e-08 9.187e-03 1.515e-09 2.831e-03 8.917e-03
1.800e+01 3.667e-08 8.578e-03 1.378e-09 2.991e-03 8.669e-03
1.818e+01 3.595e-08 8.513e-03 1.363e-09 3.009e-03 8.641e-03
2.000e+01 2.971e-08 7.910e-03 1.233e-09 3.181e-03 8.385e-03
