# M3 WAX from NIST Database
1.050e+00 0.000e+00 0.000e+00 0.000e+00 0.000e+00 0.000e+00
1.000e+00 1.134e-01 3.500e+00 0.000e+00 0.000e+00 0.000e+00
6.000e+00 5.461e-02 3.500e+00 0.000e+00 0.000e+00 0.000e+00
8.000e+00 5.761e-03 3.500e+00 0.000e+00 0.000e+00 0.000e+00
1.200e+01 5.545e-03 3.500e+00 0.000e+00 0.000e+00 0.000e+00
2.000e+01 7.193e-05 3.500e+00 0.000e+00 0.000e+00 0.000e+00
0.000e+00 0.000e+00 0.000e+00 0.000e+00 0.000e+00 0.000e+00
1.000e-03 1.185e+00 1.694e-02 2.011e+03 0.000e+00 2.009e+03
1.020e-03 1.180e+00 1.752e-02 1.904e+03 0.000e+00 1.901e+03
1.126e-03 1.154e+00 2.068e-02 1.447e+03 0.000e+00 1.443e+03
1.243e-03 1.126e+00 2.436e-02 1.099e+03 0.000e+00 1.095e+03
1.305e-03 1.112e+00 2.637e-02 9.595e+02 0.000e+00 1.611e+03
1.305e-03 1.112e+00 2.637e-02 1.632e+03 0.000e+00 1.611e+03
1.372e-03 1.095e+00 2.857e-02 1.439e+03 0.000e+00 1.419e+03
1.500e-03 1.064e+00 3.283e-02 1.146e+03 0.000e+00 1.134e+03
1.515e-03 1.060e+00 3.333e-02 1.117e+03 0.000e+00 1.104e+03
1.672e-03 1.021e+00 3.858e-02 8.589e+02 0.000e+00 8.447e+02
1.846e-03 9.770e-01 4.437e-02 6.549e+02 0.000e+00 6.459e+02
2.000e-03 9.388e-01 4.943e-02 5.243e+02 0.000e+00 5.200e+02
2.038e-03 9.295e-01 5.066e-02 4.976e+02 0.000e+00 4.932e+02
2.250e-03 8.790e-01 5.742e-02 3.777e+02 0.000e+00 3.737e+02
2.483e-03 8.265e-01 6.455e-02 2.867e+02 0.000e+00 2.836e+02
2.741e-03 7.724e-01 7.205e-02 2.171e+02 0.000e+00 2.150e+02
3.000e-03 7.223e-01 7.910e-02 1.680e+02 0.000e+00 1.671e+02
3.026e-03 7.175e-01 7.978e-02 1.639e+02 0.000e+00 1.629e+02
3.341e-03 6.625e-01 8.762e-02 1.234e+02 0.000e+00 1.224e+02
3.688e-03 6.084e-01 9.544e-02 9.273e+01 0.000e+00 9.208e+01
4.000e-03 5.651e-01 1.018e-01 7.319e+01 0.000e+00 7.286e+01
4.038e-03 5.601e-01 1.025e-01 7.119e+01 0.000e+00 7.309e+01
4.038e-03 5.601e-01 1.025e-01 7.380e+01 0.000e+00 7.309e+01
4.071e-03 5.559e-01 1.031e-01 7.208e+01 0.000e+00 7.137e+01
4.494e-03 5.055e-01 1.105e-01 5.403e+01 0.000e+00 5.348e+01
4.961e-03 4.576e-01 1.176e-01 4.042e+01 0.000e+00 4.008e+01
5.000e-03 4.539e-01 1.181e-01 3.950e+01 0.000e+00 3.918e+01
5.477e-03 4.125e-01 1.243e-01 3.017e+01 0.000e+00 2.990e+01
6.000e-03 3.736e-01 1.301e-01 2.299e+01 0.000e+00 2.282e+01
6.046e-03 3.705e-01 1.306e-01 2.248e+01 0.000e+00 2.231e+01
6.675e-03 3.315e-01 1.364e-01 1.671e+01 0.000e+00 1.657e+01
7.368e-03 2.958e-01 1.419e-01 1.241e+01 0.000e+00 1.231e+01
8.000e-03 2.684e-01 1.462e-01 9.673e+00 0.000e+00 9.618e+00
8.134e-03 2.631e-01 1.470e-01 9.197e+00 0.000e+00 9.143e+00
8.979e-03 2.334e-01 1.519e-01 6.807e+00 0.000e+00 6.765e+00
9.912e-03 2.066e-01 1.564e-01 5.030e+00 0.000e+00 5.006e+00
1.000e-02 2.043e-01 1.568e-01 4.896e+00 0.000e+00 4.873e+00
1.094e-02 1.823e-01 1.606e-01 3.713e+00 0.000e+00 3.691e+00
1.208e-02 1.604e-01 1.646e-01 2.733e+00 0.000e+00 2.717e+00
1.334e-02 1.406e-01 1.682e-01 2.008e+00 0.000e+00 2.000e+00
1.472e-02 1.229e-01 1.716e-01 1.477e+00 0.000e+00 1.476e+00
1.500e-02 1.197e-01 1.722e-01 1.393e+00 0.000e+00 1.392e+00
1.625e-02 1.069e-01 1.746e-01 1.084e+00 0.000e+00 1.085e+00
1.794e-02 9.267e-02 1.773e-01 7.940e-01 0.000e+00 7.970e-01
1.980e-02 8.001e-02 1.796e-01 5.815e-01 0.000e+00 5.863e-01
2.000e-02 7.880e-02 1.798e-01 5.633e-01 0.000e+00 5.683e-01
2.186e-02 6.878e-02 1.815e-01 4.250e-01 0.000e+00 4.324e-01
2.413e-02 5.891e-02 1.830e-01 3.104e-01 0.000e+00 3.194e-01
2.664e-02 5.028e-02 1.840e-01 2.264e-01 0.000e+00 2.360e-01
2.941e-02 4.277e-02 1.846e-01 1.649e-01 0.000e+00 1.746e-01
3.000e-02 4.139e-02 1.847e-01 1.548e-01 0.000e+00 1.644e-01
3.247e-02 3.627e-02 1.848e-01 1.200e-01 0.000e+00 1.316e-01
3.584e-02 3.068e-02 1.846e-01 8.735e-02 0.000e+00 9.989e-02
3.957e-02 2.587e-02 1.840e-01 6.347e-02 0.000e+00 7.610e-02
4.000e-02 2.539e-02 1.839e-01 6.129e-02 0.000e+00 7.389e-02
4.368e-02 2.176e-02 1.830e-01 4.611e-02 0.000e+00 6.028e-02
4.822e-02 1.826e-02 1.817e-01 3.347e-02 0.000e+00 4.835e-02
5.000e-02 1.711e-02 1.812e-01 2.976e-02 0.000e+00 4.470e-02
5.323e-02 1.528e-02 1.801e-01 2.428e-02 0.000e+00 4.024e-02
5.876e-02 1.277e-02 1.781e-01 1.760e-02 0.000e+00 3.445e-02
6.000e-02 1.229e-02 1.776e-01 1.645e-02 0.000e+00 3.340e-02
6.486e-02 1.065e-02 1.758e-01 1.276e-02 0.000e+00 3.111e-02
7.161e-02 8.860e-03 1.733e-01 9.245e-03 0.000e+00 2.873e-02
7.905e-02 7.363e-03 1.705e-01 6.698e-03 0.000e+00 2.683e-02
8.000e-02 7.199e-03 1.701e-01 6.442e-03 0.000e+00 2.663e-02
8.726e-02 6.110e-03 1.674e-01 4.852e-03 0.000e+00 2.622e-02
9.633e-02 5.062e-03 1.642e-01 3.515e-03 0.000e+00 2.589e-02
1.000e-01 4.713e-03 1.629e-01 3.111e-03 0.000e+00 2.581e-02
1.063e-01 4.192e-03 1.607e-01 2.550e-03 0.000e+00 2.605e-02
1.174e-01 3.463e-03 1.571e-01 1.846e-03 0.000e+00 2.648e-02
1.296e-01 2.860e-03 1.533e-01 1.340e-03 0.000e+00 2.696e-02
1.431e-01 2.358e-03 1.494e-01 9.727e-04 0.000e+00 2.748e-02
1.500e-01 2.151e-03 1.475e-01 8.357e-04 0.000e+00 2.774e-02
1.579e-01 1.946e-03 1.454e-01 7.086e-04 0.000e+00 2.808e-02
1.743e-01 1.603e-03 1.412e-01 5.162e-04 0.000e+00 2.875e-02
1.925e-01 1.319e-03 1.370e-01 3.762e-04 0.000e+00 2.944e-02
2.000e-01 1.223e-03 1.354e-01 3.333e-04 0.000e+00 2.971e-02
2.125e-01 1.085e-03 1.328e-01 2.753e-04 0.000e+00 3.004e-02
2.345e-01 8.934e-04 1.286e-01 2.022e-04 0.000e+00 3.057e-02
2.589e-01 7.344e-04 1.243e-01 1.488e-04 0.000e+00 3.111e-02
2.858e-01 6.037e-04 1.201e-01 1.100e-04 0.000e+00 3.167e-02
3.000e-01 5.483e-04 1.180e-01 9.501e-05 0.000e+00 3.195e-02
3.155e-01 4.961e-04 1.158e-01 8.170e-05 0.000e+00 3.209e-02
3.483e-01 4.075e-04 1.116e-01 6.099e-05 0.000e+00 3.239e-02
3.845e-01 3.347e-04 1.074e-01 4.579e-05 0.000e+00 3.268e-02
4.000e-01 3.094e-04 1.058e-01 4.091e-05 0.000e+00 3.280e-02
4.245e-01 2.748e-04 1.033e-01 3.459e-05 0.000e+00 3.286e-02
4.686e-01 2.257e-04 9.928e-02 2.634e-05 0.000e+00 3.294e-02
5.000e-01 1.983e-04 9.665e-02 2.214e-05 0.000e+00 3.300e-02
5.173e-01 1.853e-04 9.529e-02 2.024e-05 0.000e+00 3.297e-02
5.710e-01 1.521e-04 9.136e-02 1.568e-05 0.000e+00 3.289e-02
6.000e-01 1.378e-04 8.942e-02 1.381e-05 0.000e+00 3.285e-02
6.304e-01 1.249e-04 8.750e-02 1.217e-05 0.000e+00 3.271e-02
6.959e-01 1.025e-04 8.374e-02 9.506e-06 0.000e+00 3.244e-02
7.682e-01 8.412e-05 8.006e-02 7.584e-06 0.000e+00 3.217e-02
8.000e-01 7.757e-05 7.856e-02 6.980e-06 0.000e+00 3.206e-02
8.480e-01 6.904e-05 7.644e-02 6.256e-06 0.000e+00 3.179e-02
9.361e-01 5.666e-05 7.292e-02 5.144e-06 0.000e+00 3.133e-02
1.000e+00 4.966e-05 7.065e-02 4.340e-06 0.000e+00 3.103e-02
1.022e+00 4.755e-05 6.992e-02 4.067e-06 0.000e+00 3.089e-02
1.033e+00 4.655e-05 6.956e-02 3.946e-06 3.100e-09 3.083e-02
1.141e+00 3.816e-05 6.620e-02 3.188e-06 2.938e-06 3.021e-02
1.250e+00 3.179e-05 6.318e-02 2.758e-06 1.587e-05 2.966e-02
1.259e+00 3.134e-05 6.294e-02 2.726e-06 1.747e-05 2.960e-02
1.390e+00 2.571e-05 5.979e-02 2.294e-06 4.944e-05 2.889e-02
1.500e+00 2.208e-05 5.744e-02 1.999e-06 8.778e-05 2.834e-02
1.535e+00 2.109e-05 5.673e-02 1.920e-06 1.019e-04 2.815e-02
1.694e+00 1.731e-05 5.378e-02 1.627e-06 1.756e-04 2.735e-02
1.870e+00 1.421e-05 5.090e-02 1.390e-06 2.717e-04 2.658e-02
2.000e+00 1.242e-05 4.900e-02 1.252e-06 3.493e-04 2.606e-02
2.044e+00 1.189e-05 4.840e-02 1.211e-06 3.765e-04 2.587e-02
2.065e+00 1.165e-05 4.812e-02 1.192e-06 3.897e-04 2.578e-02
2.279e+00 9.570e-06 4.545e-02 1.027e-06 5.270e-04 2.494e-02
2.516e+00 7.852e-06 4.288e-02 8.894e-07 6.843e-04 2.413e-02
2.778e+00 6.440e-06 4.040e-02 7.733e-07 8.613e-04 2.334e-02
3.000e+00 5.522e-06 3.855e-02 6.955e-07 1.012e-03 2.275e-02
3.066e+00 5.286e-06 3.804e-02 6.752e-07 1.057e-03 2.257e-02
3.385e+00 4.337e-06 3.577e-02 5.911e-07 1.272e-03 2.179e-02
3.737e+00 3.559e-06 3.359e-02 5.190e-07 1.505e-03 2.103e-02
4.000e+00 3.106e-06 3.216e-02 4.754e-07 1.675e-03 2.053e-02
4.125e+00 2.921e-06 3.152e-02 4.571e-07 1.754e-03 2.031e-02
4.554e+00 2.396e-06 2.955e-02 4.036e-07 2.018e-03 1.961e-02
5.000e+00 1.988e-06 2.777e-02 3.596e-07 2.283e-03 1.897e-02
5.027e+00 1.967e-06 2.767e-02 3.573e-07 2.298e-03 1.894e-02
5.549e+00 1.614e-06 2.589e-02 3.169e-07 2.595e-03 1.831e-02
6.000e+00 1.380e-06 2.455e-02 2.886e-07 2.838e-03 1.782e-02
6.126e+00 1.324e-06 2.420e-02 2.815e-07 2.905e-03 1.770e-02
6.762e+00 1.087e-06 2.260e-02 2.506e-07 3.225e-03 1.715e-02
7.000e+00 1.014e-06 2.206e-02 2.407e-07 3.340e-03 1.697e-02
7.465e+00 8.918e-07 2.109e-02 2.234e-07 3.557e-03 1.662e-02
8.000e+00 7.766e-07 2.008e-02 2.063e-07 3.796e-03 1.626e-02
8.241e+00 7.318e-07 1.966e-02 1.995e-07 3.901e-03 1.612e-02
9.000e+00 6.136e-07 1.846e-02 1.805e-07 4.214e-03 1.572e-02
9.097e+00 6.005e-07 1.832e-02 1.784e-07 4.252e-03 1.568e-02
1.000e+01 4.970e-07 1.710e-02 1.604e-07 4.595e-03 1.526e-02
1.004e+01 4.930e-07 1.705e-02 1.597e-07 4.609e-03 1.525e-02
1.100e+01 4.107e-07 1.595e-02 1.443e-07 4.943e-03 1.492e-02
1.109e+01 4.041e-07 1.586e-02 1.430e-07 4.974e-03 1.489e-02
1.200e+01 3.451e-07 1.496e-02 1.311e-07 5.265e-03 1.462e-02
1.224e+01 3.317e-07 1.474e-02 1.283e-07 5.339e-03 1.455e-02
1.300e+01 2.941e-07 1.409e-02 1.201e-07 5.565e-03 1.434e-02
1.351e+01 2.723e-07 1.369e-02 1.152e-07 5.710e-03 1.422e-02
1.400e+01 2.535e-07 1.333e-02 1.108e-07 5.845e-03 1.410e-02
1.491e+01 2.236e-07 1.272e-02 1.035e-07 6.083e-03 1.389e-02
1.500e+01 2.209e-07 1.266e-02 1.028e-07 6.107e-03 1.387e-02
1.600e+01 1.941e-07 1.205e-02 9.592e-08 6.356e-03 1.371e-02
1.646e+01 1.834e-07 1.180e-02 9.304e-08 6.465e-03 1.364e-02
1.800e+01 1.534e-07 1.102e-02 8.455e-08 6.809e-03 1.343e-02
1.818e+01 1.504e-07 1.093e-02 8.366e-08 6.847e-03 1.340e-02
2.000e+01 1.243e-07 1.016e-02 7.562e-08 7.217e-03 1.318e-02
