# OSMIUM from NIST Database
2.257e+01 0.000e+00 0.000e+00 0.000e+00 0.000e+00 0.000e+00
7.600e+01 1.000e+00 3.500e+00 0.000e+00 0.000e+00 0.000e+00
0.000e+00 0.000e+00 0.000e+00 0.000e+00 0.000e+00 0.000e+00
1.000e-03 1.170e+01 4.046e-03 4.021e+03 0.000e+00 4.019e+03
1.020e-03 1.168e+01 4.165e-03 3.865e+03 0.000e+00 3.863e+03
1.126e-03 1.157e+01 4.806e-03 3.173e+03 0.000e+00 3.172e+03
1.243e-03 1.146e+01 5.534e-03 2.605e+03 0.000e+00 2.604e+03
1.372e-03 1.134e+01 6.343e-03 2.139e+03 0.000e+00 2.139e+03
1.500e-03 1.121e+01 7.137e-03 1.790e+03 0.000e+00 1.790e+03
1.515e-03 1.120e+01 7.228e-03 1.753e+03 0.000e+00 1.752e+03
1.672e-03 1.103e+01 8.172e-03 1.420e+03 0.000e+00 1.420e+03
1.846e-03 1.084e+01 9.197e-03 1.150e+03 0.000e+00 1.150e+03
1.960e-03 1.072e+01 9.866e-03 1.012e+03 0.000e+00 1.969e+03
1.960e-03 1.072e+01 9.866e-03 1.044e+03 0.000e+00 1.969e+03
2.000e-03 1.067e+01 1.010e-02 2.207e+03 0.000e+00 2.179e+03
2.031e-03 1.064e+01 1.028e-02 2.582e+03 0.000e+00 2.810e+03
2.031e-03 1.064e+01 1.028e-02 2.826e+03 0.000e+00 2.810e+03
2.038e-03 1.063e+01 1.032e-02 2.820e+03 0.000e+00 2.810e+03
2.250e-03 1.040e+01 1.154e-02 2.665e+03 0.000e+00 2.773e+03
2.457e-03 1.017e+01 1.272e-02 2.534e+03 0.000e+00 2.893e+03
2.457e-03 1.017e+01 1.272e-02 2.935e+03 0.000e+00 2.893e+03
2.483e-03 1.014e+01 1.286e-02 2.862e+03 0.000e+00 2.820e+03
2.741e-03 9.856e+00 1.432e-02 2.251e+03 0.000e+00 2.220e+03
2.792e-03 9.799e+00 1.460e-02 2.152e+03 0.000e+00 2.255e+03
2.792e-03 9.799e+00 1.460e-02 2.286e+03 0.000e+00 2.255e+03
3.000e-03 9.571e+00 1.576e-02 1.929e+03 0.000e+00 1.904e+03
3.026e-03 9.543e+00 1.590e-02 1.891e+03 0.000e+00 1.867e+03
3.048e-03 9.518e+00 1.603e-02 1.859e+03 0.000e+00 1.915e+03
3.048e-03 9.518e+00 1.603e-02 1.939e+03 0.000e+00 1.915e+03
3.341e-03 9.204e+00 1.763e-02 1.558e+03 0.000e+00 1.540e+03
3.688e-03 8.853e+00 1.950e-02 1.231e+03 0.000e+00 1.218e+03
4.000e-03 8.549e+00 2.116e-02 1.014e+03 0.000e+00 1.004e+03
4.071e-03 8.481e+00 2.153e-02 9.712e+02 0.000e+00 9.617e+02
4.494e-03 8.086e+00 2.372e-02 7.615e+02 0.000e+00 7.549e+02
4.961e-03 7.673e+00 2.609e-02 5.971e+02 0.000e+00 5.926e+02
5.000e-03 7.640e+00 2.629e-02 5.857e+02 0.000e+00 5.813e+02
5.477e-03 7.247e+00 2.864e-02 4.661e+02 0.000e+00 4.627e+02
6.000e-03 6.845e+00 3.114e-02 3.708e+02 0.000e+00 3.682e+02
6.046e-03 6.811e+00 3.136e-02 3.636e+02 0.000e+00 3.611e+02
6.675e-03 6.369e+00 3.424e-02 2.825e+02 0.000e+00 2.807e+02
7.368e-03 5.925e+00 3.725e-02 2.196e+02 0.000e+00 2.183e+02
8.000e-03 5.557e+00 3.983e-02 1.780e+02 0.000e+00 1.770e+02
8.134e-03 5.483e+00 4.036e-02 1.705e+02 0.000e+00 1.696e+02
8.979e-03 5.045e+00 4.354e-02 1.320e+02 0.000e+00 1.313e+02
9.912e-03 4.616e+00 4.679e-02 1.022e+02 0.000e+00 1.017e+02
1.000e-02 4.578e+00 4.708e-02 9.986e+01 0.000e+00 9.940e+01
1.087e-02 4.227e+00 4.990e-02 8.030e+01 0.000e+00 1.762e+02
1.087e-02 4.227e+00 4.990e-02 2.078e+02 0.000e+00 1.762e+02
1.094e-02 4.201e+00 5.012e-02 2.043e+02 0.000e+00 1.734e+02
1.208e-02 3.800e+00 5.354e-02 1.567e+02 0.000e+00 1.353e+02
1.239e-02 3.698e+00 5.436e-02 1.466e+02 0.000e+00 1.654e+02
1.239e-02 3.698e+00 5.436e-02 2.023e+02 0.000e+00 1.654e+02
1.267e-02 3.604e+00 5.511e-02 1.914e+02 0.000e+00 1.576e+02
1.297e-02 3.511e+00 5.585e-02 1.810e+02 0.000e+00 1.711e+02
1.297e-02 3.511e+00 5.585e-02 2.093e+02 0.000e+00 1.711e+02
1.334e-02 3.402e+00 5.679e-02 1.948e+02 0.000e+00 1.602e+02
1.472e-02 3.049e+00 6.027e-02 1.518e+02 0.000e+00 1.273e+02
1.500e-02 2.985e+00 6.095e-02 1.448e+02 0.000e+00 1.218e+02
1.625e-02 2.719e+00 6.383e-02 1.174e+02 0.000e+00 1.000e+02
1.794e-02 2.410e+00 6.735e-02 9.063e+01 0.000e+00 7.840e+01
1.980e-02 2.131e+00 7.085e-02 7.002e+01 0.000e+00 6.149e+01
2.000e-02 2.104e+00 7.121e-02 6.820e+01 0.000e+00 5.999e+01
2.186e-02 1.881e+00 7.436e-02 5.379e+01 0.000e+00 4.775e+01
2.413e-02 1.658e+00 7.782e-02 4.132e+01 0.000e+00 3.706e+01
2.664e-02 1.458e+00 8.120e-02 3.173e+01 0.000e+00 2.875e+01
2.941e-02 1.278e+00 8.442e-02 2.436e+01 0.000e+00 2.231e+01
3.000e-02 1.244e+00 8.504e-02 2.310e+01 0.000e+00 2.120e+01
3.247e-02 1.115e+00 8.743e-02 1.864e+01 0.000e+00 1.720e+01
3.584e-02 9.680e-01 9.019e-02 1.425e+01 0.000e+00 1.325e+01
3.957e-02 8.364e-01 9.268e-02 1.089e+01 0.000e+00 1.019e+01
4.000e-02 8.229e-01 9.293e-02 1.058e+01 0.000e+00 9.907e+00
4.368e-02 7.196e-01 9.485e-02 8.308e+00 0.000e+00 7.819e+00
4.822e-02 6.168e-01 9.672e-02 6.334e+00 0.000e+00 5.994e+00
5.000e-02 5.826e-01 9.733e-02 5.734e+00 0.000e+00 5.437e+00
5.323e-02 5.276e-01 9.828e-02 4.824e+00 0.000e+00 4.587e+00
5.876e-02 4.507e-01 9.951e-02 3.673e+00 0.000e+00 3.507e+00
6.000e-02 4.360e-01 9.974e-02 3.467e+00 0.000e+00 3.314e+00
6.486e-02 3.851e-01 1.004e-01 2.793e+00 0.000e+00 2.680e+00
7.161e-02 3.286e-01 1.011e-01 2.122e+00 0.000e+00 2.045e+00
7.387e-02 3.124e-01 1.012e-01 1.946e+00 0.000e+00 2.888e+00
7.387e-02 3.124e-01 1.012e-01 9.746e+00 0.000e+00 2.888e+00
7.905e-02 2.796e-01 1.014e-01 8.163e+00 0.000e+00 2.775e+00
8.000e-02 2.741e-01 1.014e-01 7.912e+00 0.000e+00 2.756e+00
8.726e-02 2.373e-01 1.014e-01 6.304e+00 0.000e+00 2.476e+00
9.633e-02 2.010e-01 1.011e-01 4.864e+00 0.000e+00 2.191e+00
1.000e-01 1.886e-01 1.009e-01 4.407e+00 0.000e+00 2.092e+00
1.063e-01 1.698e-01 1.005e-01 3.749e+00 0.000e+00 1.863e+00
1.174e-01 1.428e-01 9.968e-02 2.878e+00 0.000e+00 1.543e+00
1.296e-01 1.199e-01 9.855e-02 2.209e+00 0.000e+00 1.279e+00
1.431e-01 1.005e-01 9.718e-02 1.692e+00 0.000e+00 1.060e+00
1.500e-01 9.242e-02 9.644e-02 1.491e+00 0.000e+00 9.696e-01
1.579e-01 8.430e-02 9.559e-02 1.298e+00 0.000e+00 8.661e-01
1.743e-01 7.058e-02 9.379e-02 9.946e-01 0.000e+00 6.969e-01
1.925e-01 5.900e-02 9.180e-02 7.611e-01 0.000e+00 5.602e-01
2.000e-01 5.506e-02 9.100e-02 6.868e-01 0.000e+00 5.150e-01
2.125e-01 4.933e-02 8.968e-02 5.835e-01 0.000e+00 4.499e-01
2.345e-01 4.122e-02 8.744e-02 4.483e-01 0.000e+00 3.611e-01
2.589e-01 3.439e-02 8.508e-02 3.445e-01 0.000e+00 2.896e-01
2.858e-01 2.865e-02 8.265e-02 2.654e-01 0.000e+00 2.323e-01
3.000e-01 2.619e-02 8.143e-02 2.337e-01 0.000e+00 2.085e-01
3.155e-01 2.384e-02 8.016e-02 2.050e-01 0.000e+00 1.882e-01
3.483e-01 1.981e-02 7.761e-02 1.589e-01 0.000e+00 1.539e-01
3.845e-01 1.644e-02 7.503e-02 1.235e-01 0.000e+00 1.258e-01
4.000e-01 1.525e-02 7.399e-02 1.119e-01 0.000e+00 1.161e-01
4.245e-01 1.362e-02 7.242e-02 9.645e-02 0.000e+00 1.045e-01
4.686e-01 1.128e-02 6.981e-02 7.566e-02 0.000e+00 8.766e-02
5.000e-01 9.961e-03 6.811e-02 6.469e-02 0.000e+00 7.813e-02
5.173e-01 9.331e-03 6.721e-02 5.963e-02 0.000e+00 7.420e-02
5.710e-01 7.714e-03 6.464e-02 4.726e-02 0.000e+00 6.386e-02
6.000e-01 7.010e-03 6.336e-02 4.214e-02 0.000e+00 5.923e-02
6.304e-01 6.371e-03 6.207e-02 3.764e-02 0.000e+00 5.573e-02
6.959e-01 5.261e-03 5.952e-02 3.015e-02 0.000e+00 4.935e-02
7.682e-01 4.341e-03 5.700e-02 2.428e-02 0.000e+00 4.370e-02
8.000e-01 4.012e-03 5.598e-02 2.225e-02 0.000e+00 4.157e-02
8.480e-01 3.580e-03 5.453e-02 1.965e-02 0.000e+00 3.929e-02
9.361e-01 2.951e-03 5.210e-02 1.600e-02 0.000e+00 3.572e-02
1.000e+00 2.592e-03 5.047e-02 1.399e-02 0.000e+00 3.351e-02
1.022e+00 2.483e-03 4.993e-02 1.339e-02 0.000e+00 3.293e-02
1.033e+00 2.432e-03 4.967e-02 1.311e-02 7.756e-08 3.265e-02
1.141e+00 2.000e-03 4.730e-02 1.077e-02 6.728e-05 3.015e-02
1.250e+00 1.671e-03 4.521e-02 9.030e-03 3.353e-04 2.802e-02
1.259e+00 1.648e-03 4.505e-02 8.908e-03 3.666e-04 2.790e-02
1.390e+00 1.355e-03 4.283e-02 7.400e-03 9.510e-04 2.629e-02
1.500e+00 1.165e-03 4.116e-02 6.437e-03 1.576e-03 2.511e-02
1.535e+00 1.113e-03 4.067e-02 6.174e-03 1.791e-03 2.491e-02
1.694e+00 9.159e-04 3.859e-02 5.181e-03 2.816e-03 2.407e-02
1.870e+00 7.529e-04 3.655e-02 4.364e-03 3.985e-03 2.326e-02
2.000e+00 6.589e-04 3.518e-02 3.894e-03 4.854e-03 2.272e-02
2.044e+00 6.310e-04 3.473e-02 3.755e-03 5.148e-03 2.271e-02
2.065e+00 6.184e-04 3.453e-02 3.692e-03 5.288e-03 2.270e-02
2.279e+00 5.083e-04 3.260e-02 3.140e-03 6.685e-03 2.264e-02
2.516e+00 4.174e-04 3.077e-02 2.680e-03 8.162e-03 2.258e-02
2.778e+00 3.426e-04 2.902e-02 2.296e-03 9.708e-03 2.253e-02
3.000e+00 2.940e-04 2.771e-02 2.042e-03 1.096e-02 2.248e-02
3.066e+00 2.815e-04 2.734e-02 1.976e-03 1.132e-02 2.257e-02
3.385e+00 2.311e-04 2.572e-02 1.705e-03 1.301e-02 2.301e-02
3.737e+00 1.897e-04 2.415e-02 1.476e-03 1.477e-02 2.345e-02
4.000e+00 1.656e-04 2.312e-02 1.339e-03 1.602e-02 2.376e-02
4.125e+00 1.557e-04 2.267e-02 1.282e-03 1.659e-02 2.396e-02
4.554e+00 1.278e-04 2.125e-02 1.117e-03 1.846e-02 2.460e-02
5.000e+00 1.060e-04 1.998e-02 9.831e-04 2.027e-02 2.523e-02
5.027e+00 1.049e-04 1.990e-02 9.760e-04 2.038e-02 2.527e-02
5.549e+00 8.612e-05 1.862e-02 8.549e-04 2.234e-02 2.602e-02
6.000e+00 7.368e-05 1.766e-02 7.713e-04 2.394e-02 2.663e-02
6.126e+00 7.068e-05 1.741e-02 7.507e-04 2.437e-02 2.680e-02
6.762e+00 5.802e-05 1.626e-02 6.608e-04 2.643e-02 2.759e-02
7.000e+00 5.414e-05 1.587e-02 6.323e-04 2.717e-02 2.788e-02
7.465e+00 4.760e-05 1.517e-02 5.828e-04 2.856e-02 2.842e-02
8.000e+00 4.145e-05 1.445e-02 5.345e-04 3.008e-02 2.901e-02
8.241e+00 3.906e-05 1.415e-02 5.151e-04 3.074e-02 2.925e-02
9.000e+00 3.277e-05 1.328e-02 4.623e-04 3.273e-02 2.997e-02
9.097e+00 3.208e-05 1.318e-02 4.563e-04 3.297e-02 3.006e-02
1.000e+01 2.654e-05 1.231e-02 4.069e-04 3.517e-02 3.086e-02
1.004e+01 2.633e-05 1.227e-02 4.049e-04 3.526e-02 3.089e-02
1.100e+01 2.194e-05 1.148e-02 3.632e-04 3.742e-02 3.152e-02
1.109e+01 2.158e-05 1.141e-02 3.597e-04 3.761e-02 3.157e-02
1.200e+01 1.843e-05 1.077e-02 3.277e-04 3.954e-02 3.213e-02
1.224e+01 1.771e-05 1.061e-02 3.202e-04 4.003e-02 3.227e-02
1.300e+01 1.570e-05 1.014e-02 2.984e-04 4.150e-02 3.270e-02
1.351e+01 1.454e-05 9.853e-03 2.854e-04 4.245e-02 3.298e-02
1.400e+01 1.354e-05 9.594e-03 2.739e-04 4.333e-02 3.324e-02
1.491e+01 1.194e-05 9.151e-03 2.548e-04 4.490e-02 3.371e-02
1.500e+01 1.180e-05 9.109e-03 2.531e-04 4.504e-02 3.375e-02
1.600e+01 1.037e-05 8.675e-03 2.351e-04 4.662e-02 3.400e-02
1.646e+01 9.798e-06 8.490e-03 2.277e-04 4.732e-02 3.410e-02
1.800e+01 8.194e-06 7.928e-03 2.059e-04 4.951e-02 3.445e-02
1.818e+01 8.033e-06 7.868e-03 2.036e-04 4.976e-02 3.449e-02
2.000e+01 6.636e-06 7.311e-03 1.830e-04 5.206e-02 3.486e-02
