# PRASEODYMIUM from NIST Database
6.710e+00 0.000e+00 0.000e+00 0.000e+00 0.000e+00 0.000e+00
5.900e+01 1.000e+00 3.500e+00 0.000e+00 0.000e+00 0.000e+00
0.000e+00 0.000e+00 0.000e+00 0.000e+00 0.000e+00 0.000e+00
1.000e-03 9.283e+00 6.535e-03 1.057e+04 0.000e+00 1.054e+04
1.020e-03 9.260e+00 6.703e-03 1.008e+04 0.000e+00 1.004e+04
1.126e-03 9.148e+00 7.597e-03 7.943e+03 0.000e+00 7.904e+03
1.242e-03 9.035e+00 8.531e-03 6.270e+03 0.000e+00 7.196e+03
1.242e-03 9.035e+00 8.531e-03 7.214e+03 0.000e+00 7.196e+03
1.243e-03 9.034e+00 8.537e-03 7.204e+03 0.000e+00 7.183e+03
1.337e-03 8.945e+00 9.249e-03 6.133e+03 0.000e+00 6.487e+03
1.337e-03 8.945e+00 9.249e-03 6.505e+03 0.000e+00 6.487e+03
1.372e-03 8.910e+00 9.521e-03 6.157e+03 0.000e+00 6.137e+03
1.500e-03 8.770e+00 1.055e-02 5.082e+03 0.000e+00 5.069e+03
1.511e-03 8.757e+00 1.064e-02 5.000e+03 0.000e+00 5.214e+03
1.511e-03 8.757e+00 1.064e-02 5.227e+03 0.000e+00 5.214e+03
1.515e-03 8.752e+00 1.067e-02 5.195e+03 0.000e+00 5.183e+03
1.672e-03 8.581e+00 1.189e-02 4.150e+03 0.000e+00 4.141e+03
1.846e-03 8.403e+00 1.326e-02 3.312e+03 0.000e+00 3.306e+03
2.000e-03 8.248e+00 1.447e-02 2.760e+03 0.000e+00 2.755e+03
2.038e-03 8.210e+00 1.477e-02 2.637e+03 0.000e+00 2.633e+03
2.250e-03 7.995e+00 1.641e-02 2.078e+03 0.000e+00 2.075e+03
2.483e-03 7.758e+00 1.819e-02 1.639e+03 0.000e+00 1.637e+03
2.741e-03 7.498e+00 2.012e-02 1.292e+03 0.000e+00 1.290e+03
3.000e-03 7.244e+00 2.203e-02 1.039e+03 0.000e+00 1.038e+03
3.026e-03 7.219e+00 2.222e-02 1.017e+03 0.000e+00 1.016e+03
3.341e-03 6.921e+00 2.448e-02 7.945e+02 0.000e+00 7.933e+02
3.688e-03 6.607e+00 2.689e-02 6.208e+02 0.000e+00 6.199e+02
4.000e-03 6.338e+00 2.900e-02 5.069e+02 0.000e+00 5.061e+02
4.071e-03 6.279e+00 2.947e-02 4.846e+02 0.000e+00 4.839e+02
4.494e-03 5.940e+00 3.221e-02 3.766e+02 0.000e+00 3.761e+02
4.961e-03 5.596e+00 3.506e-02 2.926e+02 0.000e+00 2.923e+02
5.000e-03 5.569e+00 3.529e-02 2.869e+02 0.000e+00 2.865e+02
5.477e-03 5.251e+00 3.801e-02 2.266e+02 0.000e+00 2.264e+02
5.964e-03 4.949e+00 4.064e-02 1.818e+02 0.000e+00 4.802e+02
5.964e-03 4.949e+00 4.064e-02 5.120e+02 0.000e+00 4.802e+02
6.000e-03 4.928e+00 4.083e-02 5.094e+02 0.000e+00 4.739e+02
6.046e-03 4.901e+00 4.107e-02 4.997e+02 0.000e+00 4.651e+02
6.440e-03 4.680e+00 4.308e-02 4.263e+02 0.000e+00 5.333e+02
6.440e-03 4.680e+00 4.308e-02 5.808e+02 0.000e+00 5.333e+02
6.675e-03 4.554e+00 4.424e-02 5.317e+02 0.000e+00 4.903e+02
6.835e-03 4.470e+00 4.500e-02 5.013e+02 0.000e+00 5.317e+02
6.835e-03 4.470e+00 4.500e-02 5.791e+02 0.000e+00 5.317e+02
7.368e-03 4.210e+00 4.745e-02 4.801e+02 0.000e+00 4.434e+02
8.000e-03 3.931e+00 5.017e-02 3.910e+02 0.000e+00 3.634e+02
8.134e-03 3.876e+00 5.074e-02 3.743e+02 0.000e+00 3.483e+02
8.979e-03 3.547e+00 5.416e-02 2.888e+02 0.000e+00 2.704e+02
9.912e-03 3.230e+00 5.771e-02 2.227e+02 0.000e+00 2.099e+02
1.000e-02 3.202e+00 5.804e-02 2.176e+02 0.000e+00 2.052e+02
1.094e-02 2.929e+00 6.138e-02 1.713e+02 0.000e+00 1.622e+02
1.208e-02 2.644e+00 6.517e-02 1.315e+02 0.000e+00 1.251e+02
1.334e-02 2.380e+00 6.902e-02 1.009e+02 0.000e+00 9.645e+01
1.472e-02 2.138e+00 7.286e-02 7.761e+01 0.000e+00 7.453e+01
1.500e-02 2.094e+00 7.360e-02 7.381e+01 0.000e+00 7.094e+01
1.625e-02 1.916e+00 7.670e-02 5.933e+01 0.000e+00 5.717e+01
1.794e-02 1.712e+00 8.048e-02 4.530e+01 0.000e+00 4.379e+01
1.980e-02 1.523e+00 8.413e-02 3.461e+01 0.000e+00 3.357e+01
2.000e-02 1.504e+00 8.449e-02 3.367e+01 0.000e+00 3.267e+01
2.186e-02 1.346e+00 8.761e-02 2.632e+01 0.000e+00 2.559e+01
2.413e-02 1.183e+00 9.089e-02 2.002e+01 0.000e+00 1.950e+01
2.664e-02 1.034e+00 9.396e-02 1.522e+01 0.000e+00 1.486e+01
2.941e-02 8.994e-01 9.681e-02 1.157e+01 0.000e+00 1.132e+01
3.000e-02 8.740e-01 9.736e-02 1.095e+01 0.000e+00 1.072e+01
3.247e-02 7.785e-01 9.944e-02 8.770e+00 0.000e+00 8.596e+00
3.584e-02 6.719e-01 1.018e-01 6.648e+00 0.000e+00 6.525e+00
3.957e-02 5.783e-01 1.039e-01 5.035e+00 0.000e+00 4.950e+00
4.000e-02 5.688e-01 1.041e-01 4.885e+00 0.000e+00 4.803e+00
4.199e-02 5.282e-01 1.050e-01 4.258e+00 0.000e+00 7.833e+00
4.199e-02 5.282e-01 1.050e-01 2.454e+01 0.000e+00 7.833e+00
4.368e-02 4.974e-01 1.057e-01 2.211e+01 0.000e+00 7.527e+00
4.822e-02 4.274e-01 1.072e-01 1.703e+01 0.000e+00 6.812e+00
5.000e-02 4.041e-01 1.077e-01 1.548e+01 0.000e+00 6.567e+00
5.323e-02 3.666e-01 1.085e-01 1.313e+01 0.000e+00 5.956e+00
5.876e-02 3.137e-01 1.095e-01 1.011e+01 0.000e+00 5.106e+00
6.000e-02 3.034e-01 1.096e-01 9.565e+00 0.000e+00 4.942e+00
6.486e-02 2.674e-01 1.101e-01 7.757e+00 0.000e+00 4.226e+00
7.161e-02 2.271e-01 1.104e-01 5.921e+00 0.000e+00 3.464e+00
7.905e-02 1.922e-01 1.104e-01 4.510e+00 0.000e+00 2.840e+00
8.000e-02 1.883e-01 1.104e-01 4.364e+00 0.000e+00 2.773e+00
8.726e-02 1.622e-01 1.101e-01 3.432e+00 0.000e+00 2.275e+00
9.633e-02 1.365e-01 1.094e-01 2.609e+00 0.000e+00 1.815e+00
1.000e-01 1.279e-01 1.091e-01 2.351e+00 0.000e+00 1.667e+00
1.063e-01 1.149e-01 1.085e-01 1.982e+00 0.000e+00 1.435e+00
1.174e-01 9.638e-02 1.072e-01 1.501e+00 0.000e+00 1.125e+00
1.296e-01 8.086e-02 1.058e-01 1.136e+00 0.000e+00 8.831e-01
1.431e-01 6.775e-02 1.040e-01 8.595e-01 0.000e+00 6.927e-01
1.500e-01 6.227e-02 1.031e-01 7.526e-01 0.000e+00 6.172e-01
1.579e-01 5.678e-02 1.021e-01 6.512e-01 0.000e+00 5.435e-01
1.743e-01 4.750e-02 9.999e-02 4.929e-01 0.000e+00 4.254e-01
1.925e-01 3.964e-02 9.772e-02 3.728e-01 0.000e+00 3.326e-01
2.000e-01 3.696e-02 9.680e-02 3.349e-01 0.000e+00 3.025e-01
2.125e-01 3.306e-02 9.532e-02 2.826e-01 0.000e+00 2.633e-01
2.345e-01 2.755e-02 9.281e-02 2.148e-01 0.000e+00 2.101e-01
2.589e-01 2.289e-02 9.021e-02 1.633e-01 0.000e+00 1.675e-01
2.858e-01 1.901e-02 8.754e-02 1.245e-01 0.000e+00 1.335e-01
3.000e-01 1.734e-02 8.620e-02 1.091e-01 0.000e+00 1.195e-01
3.155e-01 1.576e-02 8.481e-02 9.521e-02 0.000e+00 1.088e-01
3.483e-01 1.306e-02 8.204e-02 7.305e-02 0.000e+00 9.041e-02
3.845e-01 1.080e-02 7.925e-02 5.628e-02 0.000e+00 7.515e-02
4.000e-01 1.001e-02 7.813e-02 5.077e-02 0.000e+00 6.980e-02
4.245e-01 8.929e-03 7.644e-02 4.355e-02 0.000e+00 6.402e-02
4.686e-01 7.376e-03 7.364e-02 3.388e-02 0.000e+00 5.546e-02
5.000e-01 6.505e-03 7.180e-02 2.881e-02 0.000e+00 5.047e-02
5.173e-01 6.089e-03 7.084e-02 2.650e-02 0.000e+00 4.857e-02
5.710e-01 5.027e-03 6.806e-02 2.085e-02 0.000e+00 4.344e-02
6.000e-01 4.564e-03 6.667e-02 1.853e-02 0.000e+00 4.107e-02
6.304e-01 4.145e-03 6.530e-02 1.650e-02 0.000e+00 3.941e-02
6.959e-01 3.416e-03 6.257e-02 1.314e-02 0.000e+00 3.628e-02
7.682e-01 2.814e-03 5.989e-02 1.054e-02 0.000e+00 3.340e-02
8.000e-01 2.598e-03 5.881e-02 9.642e-03 0.000e+00 3.229e-02
8.480e-01 2.317e-03 5.727e-02 8.504e-03 0.000e+00 3.114e-02
9.361e-01 1.907e-03 5.469e-02 6.907e-03 0.000e+00 2.929e-02
1.000e+00 1.674e-03 5.300e-02 6.030e-03 0.000e+00 2.811e-02
1.022e+00 1.604e-03 5.244e-02 5.770e-03 0.000e+00 2.779e-02
1.033e+00 1.570e-03 5.217e-02 5.646e-03 5.610e-08 2.764e-02
1.141e+00 1.290e-03 4.969e-02 4.636e-03 4.681e-05 2.625e-02
1.250e+00 1.077e-03 4.748e-02 3.890e-03 2.267e-04 2.503e-02
1.259e+00 1.061e-03 4.731e-02 3.838e-03 2.475e-04 2.496e-02
1.390e+00 8.718e-04 4.497e-02 3.193e-03 6.320e-04 2.395e-02
1.500e+00 7.492e-04 4.321e-02 2.781e-03 1.048e-03 2.320e-02
1.535e+00 7.156e-04 4.268e-02 2.669e-03 1.193e-03 2.306e-02
1.694e+00 5.881e-04 4.047e-02 2.242e-03 1.909e-03 2.247e-02
1.870e+00 4.831e-04 3.831e-02 1.892e-03 2.774e-03 2.190e-02
2.000e+00 4.227e-04 3.689e-02 1.690e-03 3.439e-03 2.152e-02
2.044e+00 4.048e-04 3.644e-02 1.630e-03 3.667e-03 2.151e-02
2.065e+00 3.966e-04 3.623e-02 1.603e-03 3.775e-03 2.150e-02
2.279e+00 3.259e-04 3.423e-02 1.366e-03 4.882e-03 2.145e-02
2.516e+00 2.675e-04 3.230e-02 1.168e-03 6.090e-03 2.140e-02
2.778e+00 2.195e-04 3.044e-02 1.002e-03 7.386e-03 2.135e-02
3.000e+00 1.883e-04 2.905e-02 8.928e-04 8.447e-03 2.131e-02
3.066e+00 1.803e-04 2.866e-02 8.644e-04 8.756e-03 2.139e-02
3.385e+00 1.479e-04 2.696e-02 7.477e-04 1.020e-02 2.173e-02
3.737e+00 1.214e-04 2.532e-02 6.489e-04 1.172e-02 2.208e-02
4.000e+00 1.060e-04 2.424e-02 5.898e-04 1.281e-02 2.233e-02
4.125e+00 9.967e-05 2.376e-02 5.651e-04 1.331e-02 2.250e-02
4.554e+00 8.180e-05 2.228e-02 4.933e-04 1.495e-02 2.305e-02
5.000e+00 6.787e-05 2.094e-02 4.351e-04 1.656e-02 2.359e-02
5.027e+00 6.714e-05 2.086e-02 4.320e-04 1.665e-02 2.363e-02
5.549e+00 5.511e-05 1.952e-02 3.793e-04 1.840e-02 2.428e-02
6.000e+00 4.714e-05 1.851e-02 3.428e-04 1.981e-02 2.481e-02
6.126e+00 4.522e-05 1.824e-02 3.338e-04 2.018e-02 2.496e-02
6.762e+00 3.711e-05 1.704e-02 2.944e-04 2.202e-02 2.569e-02
7.000e+00 3.463e-05 1.663e-02 2.819e-04 2.268e-02 2.594e-02
7.465e+00 3.045e-05 1.590e-02 2.602e-04 2.392e-02 2.643e-02
8.000e+00 2.651e-05 1.514e-02 2.389e-04 2.526e-02 2.697e-02
8.241e+00 2.499e-05 1.483e-02 2.304e-04 2.585e-02 2.720e-02
9.000e+00 2.095e-05 1.392e-02 2.071e-04 2.762e-02 2.788e-02
9.097e+00 2.051e-05 1.381e-02 2.045e-04 2.784e-02 2.796e-02
1.000e+01 1.697e-05 1.290e-02 1.826e-04 2.978e-02 2.872e-02
1.004e+01 1.684e-05 1.286e-02 1.817e-04 2.986e-02 2.875e-02
1.100e+01 1.403e-05 1.203e-02 1.632e-04 3.178e-02 2.936e-02
1.109e+01 1.380e-05 1.196e-02 1.616e-04 3.195e-02 2.942e-02
1.200e+01 1.179e-05 1.128e-02 1.474e-04 3.362e-02 2.996e-02
1.224e+01 1.133e-05 1.112e-02 1.441e-04 3.405e-02 3.010e-02
1.300e+01 1.004e-05 1.063e-02 1.345e-04 3.534e-02 3.052e-02
1.351e+01 9.299e-06 1.033e-02 1.286e-04 3.617e-02 3.079e-02
1.400e+01 8.659e-06 1.006e-02 1.235e-04 3.695e-02 3.105e-02
1.491e+01 7.635e-06 9.591e-03 1.150e-04 3.829e-02 3.151e-02
1.500e+01 7.543e-06 9.548e-03 1.142e-04 3.842e-02 3.155e-02
1.600e+01 6.629e-06 9.090e-03 1.062e-04 3.979e-02 3.182e-02
1.646e+01 6.264e-06 8.896e-03 1.029e-04 4.039e-02 3.194e-02
1.800e+01 5.240e-06 8.308e-03 9.313e-05 4.229e-02 3.232e-02
1.818e+01 5.136e-06 8.245e-03 9.211e-05 4.250e-02 3.236e-02
2.000e+01 4.243e-06 7.663e-03 8.291e-05 4.451e-02 3.277e-02
