# RUTHENIUM from NIST Database
1.241e+01 0.000e+00 0.000e+00 0.000e+00 0.000e+00 0.000e+00
4.400e+01 1.000e+00 3.500e+00 0.000e+00 0.000e+00 0.000e+00
0.000e+00 0.000e+00 0.000e+00 0.000e+00 0.000e+00 0.000e+00
1.000e-03 7.275e+00 5.792e-03 5.711e+03 0.000e+00 5.709e+03
1.020e-03 7.258e+00 5.965e-03 5.455e+03 0.000e+00 5.453e+03
1.126e-03 7.172e+00 6.908e-03 4.339e+03 0.000e+00 4.338e+03
1.243e-03 7.081e+00 7.985e-03 3.451e+03 0.000e+00 3.450e+03
1.372e-03 6.980e+00 9.195e-03 2.746e+03 0.000e+00 2.745e+03
1.500e-03 6.876e+00 1.040e-02 2.234e+03 0.000e+00 2.233e+03
1.515e-03 6.863e+00 1.054e-02 2.181e+03 0.000e+00 2.180e+03
1.672e-03 6.730e+00 1.199e-02 1.717e+03 0.000e+00 1.717e+03
1.846e-03 6.577e+00 1.358e-02 1.351e+03 0.000e+00 1.351e+03
2.000e-03 6.441e+00 1.497e-02 1.113e+03 0.000e+00 1.113e+03
2.038e-03 6.407e+00 1.531e-02 1.062e+03 0.000e+00 1.062e+03
2.250e-03 6.221e+00 1.719e-02 8.295e+02 0.000e+00 8.295e+02
2.483e-03 6.017e+00 1.923e-02 6.487e+02 0.000e+00 6.486e+02
2.741e-03 5.794e+00 2.144e-02 5.069e+02 0.000e+00 5.067e+02
2.838e-03 5.711e+00 2.225e-02 4.648e+02 0.000e+00 1.591e+03
2.838e-03 5.711e+00 2.225e-02 1.638e+03 0.000e+00 1.591e+03
2.902e-03 5.656e+00 2.279e-02 1.540e+03 0.000e+00 1.492e+03
2.967e-03 5.601e+00 2.333e-02 1.447e+03 0.000e+00 2.233e+03
2.967e-03 5.601e+00 2.333e-02 1.969e+03 0.000e+00 2.233e+03
3.000e-03 5.574e+00 2.360e-02 1.957e+03 0.000e+00 1.894e+03
3.026e-03 5.553e+00 2.382e-02 1.915e+03 0.000e+00 1.854e+03
3.224e-03 5.392e+00 2.542e-02 1.632e+03 0.000e+00 1.811e+03
3.224e-03 5.392e+00 2.542e-02 1.869e+03 0.000e+00 1.811e+03
3.341e-03 5.299e+00 2.635e-02 1.709e+03 0.000e+00 1.658e+03
3.688e-03 5.033e+00 2.906e-02 1.335e+03 0.000e+00 1.299e+03
4.000e-03 4.808e+00 3.143e-02 1.090e+03 0.000e+00 1.063e+03
4.071e-03 4.759e+00 3.196e-02 1.041e+03 0.000e+00 1.016e+03
4.494e-03 4.478e+00 3.504e-02 8.068e+02 0.000e+00 7.887e+02
4.961e-03 4.195e+00 3.832e-02 6.250e+02 0.000e+00 6.122e+02
5.000e-03 4.173e+00 3.859e-02 6.125e+02 0.000e+00 6.000e+02
5.477e-03 3.913e+00 4.180e-02 4.821e+02 0.000e+00 4.732e+02
6.000e-03 3.657e+00 4.519e-02 3.794e+02 0.000e+00 3.731e+02
6.046e-03 3.635e+00 4.548e-02 3.717e+02 0.000e+00 3.656e+02
6.675e-03 3.366e+00 4.933e-02 2.851e+02 0.000e+00 2.808e+02
7.368e-03 3.106e+00 5.332e-02 2.188e+02 0.000e+00 2.158e+02
8.000e-03 2.898e+00 5.670e-02 1.755e+02 0.000e+00 1.733e+02
8.134e-03 2.857e+00 5.739e-02 1.678e+02 0.000e+00 1.657e+02
8.979e-03 2.619e+00 6.149e-02 1.282e+02 0.000e+00 1.267e+02
9.912e-03 2.391e+00 6.559e-02 9.790e+01 0.000e+00 9.686e+01
1.000e-02 2.371e+00 6.596e-02 9.557e+01 0.000e+00 9.456e+01
1.094e-02 2.172e+00 6.967e-02 7.452e+01 0.000e+00 7.378e+01
1.208e-02 1.961e+00 7.373e-02 5.662e+01 0.000e+00 5.610e+01
1.334e-02 1.760e+00 7.776e-02 4.302e+01 0.000e+00 4.265e+01
1.472e-02 1.569e+00 8.171e-02 3.275e+01 0.000e+00 3.250e+01
1.500e-02 1.533e+00 8.246e-02 3.108e+01 0.000e+00 3.085e+01
1.625e-02 1.387e+00 8.564e-02 2.482e+01 0.000e+00 2.464e+01
1.794e-02 1.219e+00 8.950e-02 1.880e+01 0.000e+00 1.867e+01
1.980e-02 1.067e+00 9.323e-02 1.424e+01 0.000e+00 1.415e+01
2.000e-02 1.053e+00 9.361e-02 1.385e+01 0.000e+00 1.376e+01
2.186e-02 9.325e-01 9.683e-02 1.077e+01 0.000e+00 1.070e+01
2.212e-02 9.176e-01 9.724e-02 1.042e+01 0.000e+00 2.700e+01
2.212e-02 9.176e-01 9.724e-02 6.775e+01 0.000e+00 2.700e+01
2.413e-02 8.121e-01 1.003e-01 5.417e+01 0.000e+00 2.362e+01
2.664e-02 7.046e-01 1.035e-01 4.194e+01 0.000e+00 2.028e+01
2.941e-02 6.102e-01 1.065e-01 3.236e+01 0.000e+00 1.741e+01
3.000e-02 5.928e-01 1.071e-01 3.070e+01 0.000e+00 1.689e+01
3.247e-02 5.281e-01 1.092e-01 2.483e+01 0.000e+00 1.431e+01
3.584e-02 4.565e-01 1.117e-01 1.897e+01 0.000e+00 1.164e+01
3.957e-02 3.933e-01 1.138e-01 1.444e+01 0.000e+00 9.463e+00
4.000e-02 3.868e-01 1.140e-01 1.401e+01 0.000e+00 9.251e+00
4.368e-02 3.374e-01 1.156e-01 1.098e+01 0.000e+00 7.523e+00
4.822e-02 2.881e-01 1.170e-01 8.336e+00 0.000e+00 5.964e+00
5.000e-02 2.716e-01 1.174e-01 7.531e+00 0.000e+00 5.477e+00
5.323e-02 2.450e-01 1.181e-01 6.317e+00 0.000e+00 4.685e+00
5.876e-02 2.076e-01 1.188e-01 4.778e+00 0.000e+00 3.662e+00
6.000e-02 2.004e-01 1.189e-01 4.503e+00 0.000e+00 3.476e+00
6.486e-02 1.756e-01 1.192e-01 3.607e+00 0.000e+00 2.837e+00
7.161e-02 1.481e-01 1.191e-01 2.716e+00 0.000e+00 2.191e+00
7.905e-02 1.248e-01 1.188e-01 2.043e+00 0.000e+00 1.693e+00
8.000e-02 1.223e-01 1.187e-01 1.974e+00 0.000e+00 1.641e+00
8.726e-02 1.051e-01 1.181e-01 1.535e+00 0.000e+00 1.300e+00
9.633e-02 8.838e-02 1.171e-01 1.151e+00 0.000e+00 9.964e-01
1.000e-01 8.276e-02 1.166e-01 1.033e+00 0.000e+00 9.012e-01
1.063e-01 7.431e-02 1.158e-01 8.640e-01 0.000e+00 7.650e-01
1.174e-01 6.231e-02 1.142e-01 6.463e-01 0.000e+00 5.860e-01
1.296e-01 5.222e-02 1.124e-01 4.838e-01 0.000e+00 4.495e-01
1.431e-01 4.368e-02 1.103e-01 3.619e-01 0.000e+00 3.446e-01
1.500e-01 4.009e-02 1.093e-01 3.153e-01 0.000e+00 3.037e-01
1.579e-01 3.650e-02 1.081e-01 2.713e-01 0.000e+00 2.670e-01
1.743e-01 3.043e-02 1.057e-01 2.032e-01 0.000e+00 2.083e-01
1.925e-01 2.529e-02 1.031e-01 1.521e-01 0.000e+00 1.624e-01
2.000e-01 2.355e-02 1.021e-01 1.361e-01 0.000e+00 1.475e-01
2.125e-01 2.101e-02 1.005e-01 1.142e-01 0.000e+00 1.303e-01
2.345e-01 1.744e-02 9.770e-02 8.595e-02 0.000e+00 1.066e-01
2.589e-01 1.445e-02 9.483e-02 6.475e-02 0.000e+00 8.707e-02
2.858e-01 1.197e-02 9.190e-02 4.893e-02 0.000e+00 7.116e-02
3.000e-01 1.090e-02 9.045e-02 4.270e-02 0.000e+00 6.445e-02
3.155e-01 9.899e-03 8.893e-02 3.710e-02 0.000e+00 6.017e-02
3.483e-01 8.184e-03 8.594e-02 2.823e-02 0.000e+00 5.259e-02
3.845e-01 6.761e-03 8.295e-02 2.158e-02 0.000e+00 4.596e-02
4.000e-01 6.262e-03 8.175e-02 1.941e-02 0.000e+00 4.355e-02
4.245e-01 5.579e-03 7.995e-02 1.658e-02 0.000e+00 4.129e-02
4.686e-01 4.601e-03 7.696e-02 1.281e-02 0.000e+00 3.780e-02
5.000e-01 4.053e-03 7.502e-02 1.085e-02 0.000e+00 3.567e-02
5.173e-01 3.792e-03 7.400e-02 9.958e-03 0.000e+00 3.492e-02
5.710e-01 3.125e-03 7.106e-02 7.794e-03 0.000e+00 3.282e-02
6.000e-01 2.835e-03 6.959e-02 6.906e-03 0.000e+00 3.182e-02
6.304e-01 2.573e-03 6.814e-02 6.128e-03 0.000e+00 3.112e-02
6.959e-01 2.117e-03 6.527e-02 4.851e-03 0.000e+00 2.977e-02
7.682e-01 1.742e-03 6.245e-02 3.881e-03 0.000e+00 2.847e-02
8.000e-01 1.608e-03 6.131e-02 3.556e-03 0.000e+00 2.796e-02
8.480e-01 1.432e-03 5.969e-02 3.149e-03 0.000e+00 2.738e-02
9.361e-01 1.177e-03 5.699e-02 2.564e-03 0.000e+00 2.643e-02
1.000e+00 1.033e-03 5.521e-02 2.218e-03 0.000e+00 2.581e-02
1.022e+00 9.897e-04 5.463e-02 2.110e-03 0.000e+00 2.562e-02
1.033e+00 9.690e-04 5.434e-02 2.060e-03 3.546e-08 2.553e-02
1.141e+00 7.954e-04 5.174e-02 1.683e-03 2.959e-05 2.468e-02
1.250e+00 6.632e-04 4.942e-02 1.423e-03 1.437e-04 2.393e-02
1.259e+00 6.538e-04 4.924e-02 1.405e-03 1.569e-04 2.388e-02
1.390e+00 5.368e-04 4.679e-02 1.173e-03 4.043e-04 2.316e-02
1.500e+00 4.612e-04 4.494e-02 1.021e-03 6.781e-04 2.262e-02
1.535e+00 4.405e-04 4.439e-02 9.798e-04 7.757e-04 2.250e-02
1.694e+00 3.618e-04 4.209e-02 8.235e-04 1.271e-03 2.199e-02
1.870e+00 2.971e-04 3.985e-02 6.960e-04 1.895e-03 2.148e-02
2.000e+00 2.598e-04 3.838e-02 6.232e-04 2.385e-03 2.115e-02
2.044e+00 2.488e-04 3.791e-02 6.018e-04 2.553e-03 2.112e-02
2.065e+00 2.438e-04 3.769e-02 5.920e-04 2.634e-03 2.110e-02
2.279e+00 2.003e-04 3.561e-02 5.062e-04 3.468e-03 2.095e-02
2.516e+00 1.643e-04 3.360e-02 4.338e-04 4.399e-03 2.079e-02
2.778e+00 1.348e-04 3.166e-02 3.730e-04 5.417e-03 2.064e-02
3.000e+00 1.156e-04 3.021e-02 3.327e-04 6.261e-03 2.052e-02
3.066e+00 1.107e-04 2.981e-02 3.223e-04 6.507e-03 2.055e-02
3.385e+00 9.082e-05 2.803e-02 2.794e-04 7.669e-03 2.071e-02
3.737e+00 7.453e-05 2.633e-02 2.432e-04 8.894e-03 2.087e-02
4.000e+00 6.507e-05 2.521e-02 2.214e-04 9.773e-03 2.098e-02
4.125e+00 6.118e-05 2.471e-02 2.123e-04 1.018e-02 2.109e-02
4.554e+00 5.020e-05 2.316e-02 1.858e-04 1.153e-02 2.143e-02
5.000e+00 4.165e-05 2.177e-02 1.643e-04 1.285e-02 2.176e-02
5.027e+00 4.120e-05 2.169e-02 1.631e-04 1.292e-02 2.178e-02
5.549e+00 3.382e-05 2.030e-02 1.436e-04 1.435e-02 2.223e-02
6.000e+00 2.893e-05 1.925e-02 1.300e-04 1.551e-02 2.259e-02
6.126e+00 2.775e-05 1.897e-02 1.266e-04 1.583e-02 2.270e-02
6.762e+00 2.278e-05 1.772e-02 1.119e-04 1.736e-02 2.324e-02
7.000e+00 2.125e-05 1.730e-02 1.073e-04 1.791e-02 2.343e-02
7.465e+00 1.869e-05 1.653e-02 9.913e-05 1.893e-02 2.379e-02
8.000e+00 1.627e-05 1.574e-02 9.116e-05 2.006e-02 2.419e-02
8.241e+00 1.533e-05 1.541e-02 8.797e-05 2.054e-02 2.437e-02
9.000e+00 1.286e-05 1.447e-02 7.919e-05 2.201e-02 2.490e-02
9.097e+00 1.259e-05 1.436e-02 7.819e-05 2.220e-02 2.497e-02
1.000e+01 1.042e-05 1.341e-02 6.995e-05 2.381e-02 2.556e-02
1.004e+01 1.033e-05 1.337e-02 6.963e-05 2.388e-02 2.558e-02
1.100e+01 8.610e-06 1.251e-02 6.262e-05 2.545e-02 2.608e-02
1.109e+01 8.471e-06 1.243e-02 6.204e-05 2.560e-02 2.612e-02
1.200e+01 7.233e-06 1.173e-02 5.666e-05 2.698e-02 2.656e-02
1.224e+01 6.952e-06 1.156e-02 5.539e-05 2.733e-02 2.667e-02
1.300e+01 6.161e-06 1.105e-02 5.172e-05 2.837e-02 2.701e-02
1.351e+01 5.705e-06 1.074e-02 4.952e-05 2.905e-02 2.723e-02
1.400e+01 5.314e-06 1.046e-02 4.757e-05 2.966e-02 2.743e-02
1.491e+01 4.685e-06 9.972e-03 4.433e-05 3.076e-02 2.779e-02
1.500e+01 4.629e-06 9.927e-03 4.403e-05 3.086e-02 2.783e-02
1.600e+01 4.068e-06 9.450e-03 4.098e-05 3.198e-02 2.807e-02
1.646e+01 3.844e-06 9.248e-03 3.971e-05 3.248e-02 2.818e-02
1.800e+01 3.215e-06 8.640e-03 3.598e-05 3.404e-02 2.852e-02
1.818e+01 3.151e-06 8.574e-03 3.559e-05 3.421e-02 2.856e-02
2.000e+01 2.604e-06 7.966e-03 3.206e-05 3.588e-02 2.893e-02
1.300e+01 1.570e-05 1.014e-02 2.984e-04 4.150e-02 2.701e-02
1.351e+01 1.454e-05 9.853e-03 2.854e-04 4.245e-02 2.723e-02
1.400e+01 1.354e-05 9.594e-03 2.739e-04 4.333e-02 2.743e-02
1.491e+01 1.194e-05 9.151e-03 2.548e-04 4.490e-02 2.779e-02
1.500e+01 1.180e-05 9.109e-03 2.531e-04 4.504e-02 2.783e-02
1.600e+01 1.037e-05 8.675e-03 2.351e-04 4.662e-02 2.807e-02
1.646e+01 9.798e-06 8.490e-03 2.277e-04 4.732e-02 2.818e-02
1.800e+01 8.194e-06 7.928e-03 2.059e-04 4.951e-02 2.852e-02
1.818e+01 8.033e-06 7.868e-03 2.036e-04 4.976e-02 2.856e-02
2.000e+01 6.636e-06 7.311e-03 1.830e-04 5.206e-02 2.893e-02
