# TISSUE-EQUIVALENT GAS (PROPANE BASED) from NIST Database
1.826e-03 0.000e+00 0.000e+00 0.000e+00 0.000e+00 0.000e+00
1.000e+00 1.019e-01 3.500e+00 0.000e+00 0.000e+00 0.000e+00
6.000e+00 4.737e-02 3.500e+00 0.000e+00 0.000e+00 0.000e+00
7.000e+00 2.500e-03 3.500e+00 0.000e+00 0.000e+00 0.000e+00
8.000e+00 1.834e-02 3.500e+00 0.000e+00 0.000e+00 0.000e+00
0.000e+00 0.000e+00 0.000e+00 0.000e+00 0.000e+00 0.000e+00
1.000e-03 1.135e+00 1.524e-02 2.720e+03 0.000e+00 2.716e+03
1.020e-03 1.131e+00 1.577e-02 2.577e+03 0.000e+00 2.571e+03
1.126e-03 1.107e+00 1.874e-02 1.967e+03 0.000e+00 1.958e+03
1.243e-03 1.082e+00 2.222e-02 1.499e+03 0.000e+00 1.492e+03
1.372e-03 1.054e+00 2.624e-02 1.141e+03 0.000e+00 1.136e+03
1.500e-03 1.026e+00 3.036e-02 8.899e+02 0.000e+00 8.889e+02
1.515e-03 1.022e+00 3.084e-02 8.654e+02 0.000e+00 8.641e+02
1.672e-03 9.850e-01 3.598e-02 6.549e+02 0.000e+00 6.523e+02
1.846e-03 9.430e-01 4.171e-02 4.936e+02 0.000e+00 4.919e+02
2.000e-03 9.058e-01 4.675e-02 3.919e+02 0.000e+00 3.915e+02
2.038e-03 8.967e-01 4.798e-02 3.711e+02 0.000e+00 3.705e+02
2.250e-03 8.468e-01 5.479e-02 2.785e+02 0.000e+00 2.773e+02
2.483e-03 7.941e-01 6.203e-02 2.088e+02 0.000e+00 2.077e+02
2.741e-03 7.391e-01 6.969e-02 1.561e+02 0.000e+00 1.555e+02
3.000e-03 6.876e-01 7.693e-02 1.195e+02 0.000e+00 1.194e+02
3.026e-03 6.827e-01 7.763e-02 1.164e+02 0.000e+00 1.163e+02
3.341e-03 6.257e-01 8.572e-02 8.665e+01 0.000e+00 8.644e+01
3.688e-03 5.695e-01 9.382e-02 6.441e+01 0.000e+00 6.427e+01
4.000e-03 5.246e-01 1.004e-01 5.040e+01 0.000e+00 5.037e+01
4.071e-03 5.150e-01 1.018e-01 4.779e+01 0.000e+00 4.775e+01
4.494e-03 4.631e-01 1.095e-01 3.539e+01 0.000e+00 3.533e+01
4.961e-03 4.145e-01 1.169e-01 2.617e+01 0.000e+00 2.615e+01
5.000e-03 4.108e-01 1.174e-01 2.555e+01 0.000e+00 2.553e+01
5.477e-03 3.696e-01 1.238e-01 1.931e+01 0.000e+00 1.928e+01
6.000e-03 3.316e-01 1.298e-01 1.457e+01 0.000e+00 1.456e+01
6.046e-03 3.286e-01 1.302e-01 1.423e+01 0.000e+00 1.422e+01
6.675e-03 2.916e-01 1.362e-01 1.046e+01 0.000e+00 1.044e+01
7.368e-03 2.584e-01 1.417e-01 7.688e+00 0.000e+00 7.676e+00
8.000e-03 2.335e-01 1.460e-01 5.941e+00 0.000e+00 5.940e+00
8.134e-03 2.288e-01 1.468e-01 5.639e+00 0.000e+00 5.637e+00
8.979e-03 2.025e-01 1.516e-01 4.131e+00 0.000e+00 4.128e+00
9.912e-03 1.790e-01 1.560e-01 3.022e+00 0.000e+00 3.023e+00
1.000e-02 1.771e-01 1.563e-01 2.938e+00 0.000e+00 2.940e+00
1.094e-02 1.582e-01 1.600e-01 2.209e+00 0.000e+00 2.208e+00
1.208e-02 1.394e-01 1.638e-01 1.610e+00 0.000e+00 1.611e+00
1.334e-02 1.225e-01 1.674e-01 1.172e+00 0.000e+00 1.174e+00
1.472e-02 1.074e-01 1.706e-01 8.543e-01 0.000e+00 8.585e-01
1.500e-02 1.047e-01 1.712e-01 8.040e-01 0.000e+00 8.085e-01
1.625e-02 9.373e-02 1.735e-01 6.211e-01 0.000e+00 6.265e-01
1.794e-02 8.142e-02 1.762e-01 4.509e-01 0.000e+00 4.571e-01
1.980e-02 7.042e-02 1.785e-01 3.274e-01 0.000e+00 3.340e-01
2.000e-02 6.937e-02 1.787e-01 3.168e-01 0.000e+00 3.235e-01
2.186e-02 6.057e-02 1.803e-01 2.372e-01 0.000e+00 2.463e-01
2.413e-02 5.187e-02 1.818e-01 1.718e-01 0.000e+00 1.821e-01
2.664e-02 4.422e-02 1.828e-01 1.243e-01 0.000e+00 1.347e-01
2.941e-02 3.756e-02 1.835e-01 8.982e-02 0.000e+00 9.991e-02
3.000e-02 3.633e-02 1.835e-01 8.415e-02 0.000e+00 9.411e-02
3.247e-02 3.178e-02 1.836e-01 6.487e-02 0.000e+00 7.669e-02
3.584e-02 2.683e-02 1.834e-01 4.685e-02 0.000e+00 5.959e-02
3.957e-02 2.257e-02 1.828e-01 3.379e-02 0.000e+00 4.648e-02
4.000e-02 2.215e-02 1.827e-01 3.261e-02 0.000e+00 4.526e-02
4.368e-02 1.895e-02 1.818e-01 2.438e-02 0.000e+00 3.858e-02
4.822e-02 1.588e-02 1.805e-01 1.757e-02 0.000e+00 3.244e-02
5.000e-02 1.488e-02 1.799e-01 1.559e-02 0.000e+00 3.049e-02
5.323e-02 1.328e-02 1.788e-01 1.267e-02 0.000e+00 2.857e-02
5.876e-02 1.108e-02 1.768e-01 9.125e-03 0.000e+00 2.589e-02
6.000e-02 1.066e-02 1.764e-01 8.514e-03 0.000e+00 2.537e-02
6.486e-02 9.233e-03 1.745e-01 6.575e-03 0.000e+00 2.475e-02
7.161e-02 7.676e-03 1.720e-01 4.734e-03 0.000e+00 2.403e-02
7.905e-02 6.372e-03 1.692e-01 3.410e-03 0.000e+00 2.339e-02
8.000e-02 6.230e-03 1.688e-01 3.278e-03 0.000e+00 2.332e-02
8.726e-02 5.282e-03 1.661e-01 2.457e-03 0.000e+00 2.360e-02
9.633e-02 4.371e-03 1.629e-01 1.771e-03 0.000e+00 2.394e-02
1.000e-01 4.068e-03 1.616e-01 1.565e-03 0.000e+00 2.408e-02
1.063e-01 3.616e-03 1.594e-01 1.279e-03 0.000e+00 2.451e-02
1.174e-01 2.984e-03 1.558e-01 9.215e-04 0.000e+00 2.522e-02
1.296e-01 2.461e-03 1.520e-01 6.658e-04 0.000e+00 2.596e-02
1.431e-01 2.028e-03 1.481e-01 4.812e-04 0.000e+00 2.672e-02
1.500e-01 1.849e-03 1.462e-01 4.126e-04 0.000e+00 2.709e-02
1.579e-01 1.672e-03 1.441e-01 3.490e-04 0.000e+00 2.747e-02
1.743e-01 1.376e-03 1.401e-01 2.533e-04 0.000e+00 2.822e-02
1.925e-01 1.131e-03 1.359e-01 1.839e-04 0.000e+00 2.899e-02
2.000e-01 1.049e-03 1.343e-01 1.627e-04 0.000e+00 2.929e-02
2.125e-01 9.303e-04 1.317e-01 1.341e-04 0.000e+00 2.963e-02
2.345e-01 7.653e-04 1.275e-01 9.817e-05 0.000e+00 3.019e-02
2.589e-01 6.288e-04 1.233e-01 7.204e-05 0.000e+00 3.075e-02
2.858e-01 5.167e-04 1.190e-01 5.312e-05 0.000e+00 3.133e-02
3.000e-01 4.692e-04 1.170e-01 4.582e-05 0.000e+00 3.162e-02
3.155e-01 4.244e-04 1.148e-01 3.936e-05 0.000e+00 3.177e-02
3.483e-01 3.485e-04 1.106e-01 2.931e-05 0.000e+00 3.207e-02
3.845e-01 2.862e-04 1.065e-01 2.195e-05 0.000e+00 3.238e-02
4.000e-01 2.645e-04 1.049e-01 1.959e-05 0.000e+00 3.250e-02
4.245e-01 2.349e-04 1.024e-01 1.654e-05 0.000e+00 3.255e-02
4.686e-01 1.929e-04 9.842e-02 1.257e-05 0.000e+00 3.264e-02
5.000e-01 1.695e-04 9.581e-02 1.055e-05 0.000e+00 3.271e-02
5.173e-01 1.584e-04 9.446e-02 9.647e-06 0.000e+00 3.268e-02
5.710e-01 1.300e-04 9.056e-02 7.468e-06 0.000e+00 3.260e-02
6.000e-01 1.178e-04 8.864e-02 6.569e-06 0.000e+00 3.256e-02
6.304e-01 1.067e-04 8.674e-02 5.774e-06 0.000e+00 3.243e-02
6.959e-01 8.757e-05 8.301e-02 4.491e-06 0.000e+00 3.216e-02
7.682e-01 7.187e-05 7.936e-02 3.587e-06 0.000e+00 3.189e-02
8.000e-01 6.627e-05 7.788e-02 3.314e-06 0.000e+00 3.179e-02
8.480e-01 5.898e-05 7.578e-02 2.996e-06 0.000e+00 3.152e-02
9.361e-01 4.840e-05 7.229e-02 2.480e-06 0.000e+00 3.106e-02
1.000e+00 4.243e-05 7.004e-02 2.060e-06 0.000e+00 3.076e-02
1.022e+00 4.062e-05 6.931e-02 1.912e-06 0.000e+00 3.063e-02
1.033e+00 3.977e-05 6.895e-02 1.848e-06 2.908e-09 3.056e-02
1.141e+00 3.260e-05 6.563e-02 1.482e-06 2.763e-06 2.995e-02
1.250e+00 2.716e-05 6.263e-02 1.298e-06 1.495e-05 2.940e-02
1.259e+00 2.677e-05 6.240e-02 1.284e-06 1.646e-05 2.935e-02
1.390e+00 2.196e-05 5.927e-02 1.084e-06 4.665e-05 2.864e-02
1.500e+00 1.886e-05 5.693e-02 9.423e-07 8.291e-05 2.810e-02
1.535e+00 1.801e-05 5.623e-02 9.045e-07 9.626e-05 2.791e-02
1.694e+00 1.479e-05 5.331e-02 7.671e-07 1.661e-04 2.712e-02
1.870e+00 1.214e-05 5.047e-02 6.575e-07 2.569e-04 2.635e-02
2.000e+00 1.061e-05 4.858e-02 5.935e-07 3.304e-04 2.583e-02
2.044e+00 1.016e-05 4.798e-02 5.742e-07 3.561e-04 2.564e-02
2.065e+00 9.951e-06 4.769e-02 5.653e-07 3.685e-04 2.555e-02
2.279e+00 8.168e-06 4.504e-02 4.883e-07 4.983e-04 2.472e-02
2.516e+00 6.702e-06 4.249e-02 4.235e-07 6.474e-04 2.391e-02
2.778e+00 5.499e-06 4.005e-02 3.688e-07 8.155e-04 2.312e-02
3.000e+00 4.716e-06 3.822e-02 3.321e-07 9.587e-04 2.253e-02
3.066e+00 4.515e-06 3.771e-02 3.225e-07 1.001e-03 2.236e-02
3.385e+00 3.705e-06 3.546e-02 2.829e-07 1.206e-03 2.157e-02
3.737e+00 3.040e-06 3.330e-02 2.488e-07 1.427e-03 2.082e-02
4.000e+00 2.653e-06 3.188e-02 2.282e-07 1.589e-03 2.031e-02
4.125e+00 2.495e-06 3.125e-02 2.195e-07 1.664e-03 2.009e-02
4.554e+00 2.047e-06 2.929e-02 1.941e-07 1.916e-03 1.939e-02
5.000e+00 1.698e-06 2.753e-02 1.732e-07 2.168e-03 1.875e-02
5.027e+00 1.680e-06 2.743e-02 1.720e-07 2.182e-03 1.871e-02
5.549e+00 1.379e-06 2.566e-02 1.528e-07 2.465e-03 1.808e-02
6.000e+00 1.179e-06 2.433e-02 1.393e-07 2.698e-03 1.759e-02
6.126e+00 1.131e-06 2.399e-02 1.359e-07 2.761e-03 1.747e-02
6.762e+00 9.282e-07 2.241e-02 1.211e-07 3.066e-03 1.692e-02
7.000e+00 8.661e-07 2.187e-02 1.164e-07 3.176e-03 1.673e-02
7.465e+00 7.616e-07 2.090e-02 1.081e-07 3.383e-03 1.638e-02
8.000e+00 6.633e-07 1.990e-02 9.990e-08 3.611e-03 1.602e-02
8.241e+00 6.251e-07 1.949e-02 9.660e-08 3.710e-03 1.588e-02
9.000e+00 5.241e-07 1.830e-02 8.750e-08 4.010e-03 1.548e-02
9.097e+00 5.129e-07 1.816e-02 8.646e-08 4.047e-03 1.543e-02
1.000e+01 4.245e-07 1.695e-02 7.782e-08 4.374e-03 1.501e-02
1.004e+01 4.211e-07 1.690e-02 7.747e-08 4.388e-03 1.500e-02
1.100e+01 3.508e-07 1.581e-02 7.004e-08 4.708e-03 1.467e-02
1.109e+01 3.451e-07 1.572e-02 6.942e-08 4.736e-03 1.464e-02
1.200e+01 2.948e-07 1.483e-02 6.368e-08 5.014e-03 1.436e-02
1.224e+01 2.833e-07 1.461e-02 6.232e-08 5.085e-03 1.429e-02
1.300e+01 2.512e-07 1.397e-02 5.837e-08 5.302e-03 1.408e-02
1.351e+01 2.326e-07 1.357e-02 5.598e-08 5.441e-03 1.395e-02
1.400e+01 2.166e-07 1.322e-02 5.387e-08 5.570e-03 1.383e-02
1.491e+01 1.909e-07 1.260e-02 5.035e-08 5.798e-03 1.362e-02
1.500e+01 1.887e-07 1.255e-02 5.002e-08 5.819e-03 1.361e-02
1.600e+01 1.658e-07 1.195e-02 4.669e-08 6.058e-03 1.344e-02
1.646e+01 1.567e-07 1.169e-02 4.529e-08 6.163e-03 1.337e-02
1.800e+01 1.310e-07 1.092e-02 4.119e-08 6.492e-03 1.316e-02
1.818e+01 1.284e-07 1.084e-02 4.075e-08 6.529e-03 1.313e-02
2.000e+01 1.061e-07 1.007e-02 3.684e-08 6.882e-03 1.290e-02
