# TUNGSTEN HEXAFLUORIDE from NIST Database
2.400e+00 0.000e+00 0.000e+00 0.000e+00 0.000e+00 0.000e+00
9.000e+00 2.015e-02 3.500e+00 0.000e+00 0.000e+00 0.000e+00
7.400e+01 3.358e-03 3.500e+00 0.000e+00 0.000e+00 0.000e+00
0.000e+00 0.000e+00 0.000e+00 0.000e+00 0.000e+00 0.000e+00
1.000e-03 7.685e+00 5.141e-03 4.428e+03 0.000e+00 4.415e+03
1.020e-03 7.670e+00 5.309e-03 4.234e+03 0.000e+00 4.220e+03
1.126e-03 7.599e+00 6.235e-03 3.384e+03 0.000e+00 3.369e+03
1.243e-03 7.522e+00 7.314e-03 2.705e+03 0.000e+00 2.692e+03
1.372e-03 7.437e+00 8.554e-03 2.162e+03 0.000e+00 2.153e+03
1.500e-03 7.350e+00 9.819e-03 1.764e+03 0.000e+00 1.761e+03
1.515e-03 7.339e+00 9.968e-03 1.724e+03 0.000e+00 1.720e+03
1.672e-03 7.226e+00 1.155e-02 1.366e+03 0.000e+00 1.361e+03
1.809e-03 7.122e+00 1.296e-02 1.133e+03 0.000e+00 1.262e+03
1.809e-03 7.122e+00 1.296e-02 1.261e+03 0.000e+00 1.262e+03
1.846e-03 7.094e+00 1.335e-02 1.714e+03 0.000e+00 1.686e+03
1.872e-03 7.074e+00 1.361e-02 2.177e+03 0.000e+00 2.336e+03
1.872e-03 7.074e+00 1.361e-02 2.337e+03 0.000e+00 2.336e+03
2.000e-03 6.975e+00 1.497e-02 2.760e+03 0.000e+00 2.723e+03
2.038e-03 6.945e+00 1.538e-02 2.632e+03 0.000e+00 2.597e+03
2.250e-03 6.779e+00 1.766e-02 2.049e+03 0.000e+00 2.023e+03
2.281e-03 6.756e+00 1.799e-02 1.979e+03 0.000e+00 2.229e+03
2.281e-03 6.756e+00 1.799e-02 2.258e+03 0.000e+00 2.229e+03
2.483e-03 6.608e+00 2.017e-02 1.831e+03 0.000e+00 1.809e+03
2.575e-03 6.541e+00 2.117e-02 1.674e+03 0.000e+00 1.748e+03
2.575e-03 6.541e+00 2.117e-02 1.768e+03 0.000e+00 1.748e+03
2.741e-03 6.415e+00 2.297e-02 1.523e+03 0.000e+00 1.507e+03
2.820e-03 6.355e+00 2.382e-02 1.424e+03 0.000e+00 1.464e+03
2.820e-03 6.355e+00 2.382e-02 1.480e+03 0.000e+00 1.464e+03
3.000e-03 6.218e+00 2.576e-02 1.278e+03 0.000e+00 1.266e+03
3.026e-03 6.199e+00 2.604e-02 1.252e+03 0.000e+00 1.240e+03
3.341e-03 5.969e+00 2.938e-02 9.826e+02 0.000e+00 9.738e+02
3.688e-03 5.727e+00 3.296e-02 7.718e+02 0.000e+00 7.655e+02
4.000e-03 5.518e+00 3.607e-02 6.328e+02 0.000e+00 6.282e+02
4.071e-03 5.472e+00 3.677e-02 6.055e+02 0.000e+00 6.011e+02
4.494e-03 5.203e+00 4.078e-02 4.725e+02 0.000e+00 4.693e+02
4.961e-03 4.923e+00 4.495e-02 3.686e+02 0.000e+00 3.664e+02
5.000e-03 4.900e+00 4.529e-02 3.615e+02 0.000e+00 3.593e+02
5.477e-03 4.633e+00 4.926e-02 2.864e+02 0.000e+00 2.849e+02
6.000e-03 4.362e+00 5.328e-02 2.270e+02 0.000e+00 2.258e+02
6.046e-03 4.339e+00 5.361e-02 2.225e+02 0.000e+00 2.214e+02
6.675e-03 4.043e+00 5.797e-02 1.722e+02 0.000e+00 1.714e+02
7.368e-03 3.747e+00 6.228e-02 1.334e+02 0.000e+00 1.328e+02
8.000e-03 3.503e+00 6.579e-02 1.078e+02 0.000e+00 1.073e+02
8.134e-03 3.454e+00 6.649e-02 1.032e+02 0.000e+00 1.028e+02
8.979e-03 3.165e+00 7.058e-02 7.962e+01 0.000e+00 7.930e+01
9.912e-03 2.887e+00 7.454e-02 6.143e+01 0.000e+00 6.119e+01
1.000e-02 2.863e+00 7.489e-02 6.002e+01 0.000e+00 5.979e+01
1.021e-02 2.807e+00 7.570e-02 5.686e+01 0.000e+00 1.241e+02
1.021e-02 2.807e+00 7.570e-02 1.441e+02 0.000e+00 1.241e+02
1.094e-02 2.619e+00 7.839e-02 1.197e+02 0.000e+00 1.041e+02
1.154e-02 2.478e+00 8.043e-02 1.037e+02 0.000e+00 1.185e+02
1.154e-02 2.478e+00 8.043e-02 1.422e+02 0.000e+00 1.185e+02
1.208e-02 2.363e+00 8.212e-02 1.273e+02 0.000e+00 1.069e+02
1.210e-02 2.358e+00 8.218e-02 1.268e+02 0.000e+00 1.219e+02
1.210e-02 2.358e+00 8.218e-02 1.464e+02 0.000e+00 1.219e+02
1.334e-02 2.118e+00 8.573e-02 1.142e+02 0.000e+00 9.668e+01
1.472e-02 1.890e+00 8.924e-02 8.891e+01 0.000e+00 7.653e+01
1.500e-02 1.848e+00 8.990e-02 8.475e+01 0.000e+00 7.318e+01
1.625e-02 1.679e+00 9.268e-02 6.858e+01 0.000e+00 5.984e+01
1.794e-02 1.488e+00 9.604e-02 5.279e+01 0.000e+00 4.666e+01
1.980e-02 1.317e+00 9.928e-02 4.067e+01 0.000e+00 3.641e+01
2.000e-02 1.300e+00 9.961e-02 3.960e+01 0.000e+00 3.550e+01
2.186e-02 1.163e+00 1.024e-01 3.118e+01 0.000e+00 2.818e+01
2.413e-02 1.025e+00 1.054e-01 2.392e+01 0.000e+00 2.180e+01
2.664e-02 9.003e-01 1.081e-01 1.833e+01 0.000e+00 1.686e+01
2.941e-02 7.877e-01 1.106e-01 1.405e+01 0.000e+00 1.304e+01
3.000e-02 7.664e-01 1.111e-01 1.332e+01 0.000e+00 1.238e+01
3.247e-02 6.858e-01 1.129e-01 1.073e+01 0.000e+00 1.002e+01
3.584e-02 5.944e-01 1.148e-01 8.197e+00 0.000e+00 7.701e+00
3.957e-02 5.126e-01 1.164e-01 6.255e+00 0.000e+00 5.911e+00
4.000e-02 5.042e-01 1.165e-01 6.073e+00 0.000e+00 5.743e+00
4.368e-02 4.404e-01 1.176e-01 4.765e+00 0.000e+00 4.526e+00
4.822e-02 3.772e-01 1.186e-01 3.628e+00 0.000e+00 3.463e+00
5.000e-02 3.562e-01 1.188e-01 3.283e+00 0.000e+00 3.139e+00
5.323e-02 3.226e-01 1.191e-01 2.759e+00 0.000e+00 2.647e+00
5.876e-02 2.756e-01 1.194e-01 2.097e+00 0.000e+00 2.022e+00
6.000e-02 2.666e-01 1.194e-01 1.979e+00 0.000e+00 1.910e+00
6.486e-02 2.351e-01 1.194e-01 1.593e+00 0.000e+00 1.544e+00
6.953e-02 2.101e-01 1.192e-01 1.313e+00 0.000e+00 1.995e+00
6.953e-02 2.101e-01 1.192e-01 6.672e+00 0.000e+00 1.995e+00
7.161e-02 2.003e-01 1.191e-01 6.167e+00 0.000e+00 1.949e+00
7.905e-02 1.705e-01 1.184e-01 4.744e+00 0.000e+00 1.804e+00
8.000e-02 1.672e-01 1.183e-01 4.597e+00 0.000e+00 1.787e+00
8.726e-02 1.447e-01 1.175e-01 3.663e+00 0.000e+00 1.582e+00
9.633e-02 1.223e-01 1.163e-01 2.830e+00 0.000e+00 1.376e+00
1.000e-01 1.147e-01 1.158e-01 2.566e+00 0.000e+00 1.305e+00
1.063e-01 1.032e-01 1.149e-01 2.183e+00 0.000e+00 1.157e+00
1.174e-01 8.669e-02 1.132e-01 1.674e+00 0.000e+00 9.515e-01
1.296e-01 7.275e-02 1.113e-01 1.281e+00 0.000e+00 7.834e-01
1.431e-01 6.096e-02 1.092e-01 9.793e-01 0.000e+00 6.449e-01
1.500e-01 5.602e-02 1.081e-01 8.616e-01 0.000e+00 5.881e-01
1.579e-01 5.109e-02 1.069e-01 7.495e-01 0.000e+00 5.252e-01
1.743e-01 4.277e-02 1.044e-01 5.732e-01 0.000e+00 4.226e-01
1.925e-01 3.575e-02 1.018e-01 4.381e-01 0.000e+00 3.402e-01
2.000e-01 3.335e-02 1.008e-01 3.951e-01 0.000e+00 3.130e-01
2.125e-01 2.987e-02 9.915e-02 3.354e-01 0.000e+00 2.745e-01
2.345e-01 2.495e-02 9.638e-02 2.573e-01 0.000e+00 2.220e-01
2.589e-01 2.079e-02 9.352e-02 1.975e-01 0.000e+00 1.799e-01
2.858e-01 1.731e-02 9.061e-02 1.520e-01 0.000e+00 1.462e-01
3.000e-01 1.582e-02 8.917e-02 1.337e-01 0.000e+00 1.322e-01
3.155e-01 1.440e-02 8.767e-02 1.172e-01 0.000e+00 1.204e-01
3.483e-01 1.195e-02 8.471e-02 9.071e-02 0.000e+00 1.005e-01
3.845e-01 9.912e-03 8.175e-02 7.046e-02 0.000e+00 8.425e-02
4.000e-01 9.195e-03 8.057e-02 6.377e-02 0.000e+00 7.862e-02
4.245e-01 8.210e-03 7.879e-02 5.496e-02 0.000e+00 7.191e-02
4.686e-01 6.795e-03 7.584e-02 4.308e-02 0.000e+00 6.221e-02
5.000e-01 5.999e-03 7.392e-02 3.681e-02 0.000e+00 5.670e-02
5.173e-01 5.619e-03 7.292e-02 3.392e-02 0.000e+00 5.442e-02
5.710e-01 4.644e-03 7.003e-02 2.685e-02 0.000e+00 4.843e-02
6.000e-01 4.220e-03 6.860e-02 2.393e-02 0.000e+00 4.574e-02
6.304e-01 3.835e-03 6.717e-02 2.136e-02 0.000e+00 4.369e-02
6.959e-01 3.165e-03 6.435e-02 1.710e-02 0.000e+00 3.994e-02
7.682e-01 2.611e-03 6.159e-02 1.376e-02 0.000e+00 3.659e-02
8.000e-01 2.412e-03 6.048e-02 1.261e-02 0.000e+00 3.533e-02
8.480e-01 2.152e-03 5.890e-02 1.114e-02 0.000e+00 3.393e-02
9.361e-01 1.773e-03 5.625e-02 9.064e-03 0.000e+00 3.172e-02
1.000e+00 1.557e-03 5.447e-02 7.922e-03 0.000e+00 3.035e-02
1.022e+00 1.492e-03 5.389e-02 7.582e-03 0.000e+00 2.997e-02
1.033e+00 1.461e-03 5.360e-02 7.421e-03 4.819e-08 2.978e-02
1.141e+00 1.202e-03 5.103e-02 6.096e-03 4.165e-05 2.813e-02
1.250e+00 1.004e-03 4.876e-02 5.113e-03 2.071e-04 2.671e-02
1.259e+00 9.895e-04 4.858e-02 5.044e-03 2.264e-04 2.663e-02
1.390e+00 8.136e-04 4.617e-02 4.192e-03 5.874e-04 2.545e-02
1.500e+00 6.999e-04 4.435e-02 3.647e-03 9.760e-04 2.458e-02
1.535e+00 6.687e-04 4.381e-02 3.497e-03 1.110e-03 2.440e-02
1.694e+00 5.503e-04 4.153e-02 2.931e-03 1.757e-03 2.365e-02
1.870e+00 4.523e-04 3.932e-02 2.468e-03 2.506e-03 2.293e-02
2.000e+00 3.955e-04 3.788e-02 2.207e-03 3.065e-03 2.245e-02
2.044e+00 3.786e-04 3.742e-02 2.130e-03 3.255e-03 2.238e-02
2.065e+00 3.710e-04 3.721e-02 2.095e-03 3.345e-03 2.235e-02
2.279e+00 3.047e-04 3.517e-02 1.786e-03 4.252e-03 2.207e-02
2.516e+00 2.502e-04 3.318e-02 1.524e-03 5.225e-03 2.179e-02
2.778e+00 2.055e-04 3.126e-02 1.304e-03 6.257e-03 2.152e-02
3.000e+00 1.764e-04 2.982e-02 1.158e-03 7.095e-03 2.132e-02
3.066e+00 1.689e-04 2.942e-02 1.120e-03 7.339e-03 2.133e-02
3.385e+00 1.387e-04 2.767e-02 9.667e-04 8.478e-03 2.137e-02
3.737e+00 1.138e-04 2.599e-02 8.375e-04 9.667e-03 2.142e-02
4.000e+00 9.934e-05 2.488e-02 7.603e-04 1.051e-02 2.146e-02
4.125e+00 9.341e-05 2.439e-02 7.281e-04 1.090e-02 2.152e-02
4.554e+00 7.666e-05 2.287e-02 6.344e-04 1.217e-02 2.173e-02
5.000e+00 6.361e-05 2.149e-02 5.585e-04 1.340e-02 2.194e-02
5.027e+00 6.293e-05 2.141e-02 5.544e-04 1.348e-02 2.196e-02
5.549e+00 5.167e-05 2.004e-02 4.858e-04 1.482e-02 2.225e-02
6.000e+00 4.420e-05 1.900e-02 4.383e-04 1.591e-02 2.250e-02
6.126e+00 4.240e-05 1.873e-02 4.266e-04 1.621e-02 2.258e-02
6.762e+00 3.479e-05 1.749e-02 3.756e-04 1.762e-02 2.293e-02
7.000e+00 3.247e-05 1.708e-02 3.594e-04 1.814e-02 2.306e-02
7.465e+00 2.855e-05 1.632e-02 3.314e-04 1.909e-02 2.331e-02
8.000e+00 2.487e-05 1.554e-02 3.040e-04 2.014e-02 2.359e-02
8.241e+00 2.344e-05 1.522e-02 2.930e-04 2.059e-02 2.371e-02
9.000e+00 1.965e-05 1.429e-02 2.630e-04 2.195e-02 2.407e-02
9.097e+00 1.923e-05 1.418e-02 2.595e-04 2.212e-02 2.411e-02
1.000e+01 1.592e-05 1.324e-02 2.314e-04 2.362e-02 2.452e-02
1.004e+01 1.579e-05 1.320e-02 2.303e-04 2.368e-02 2.453e-02
1.100e+01 1.316e-05 1.235e-02 2.065e-04 2.517e-02 2.486e-02
1.109e+01 1.294e-05 1.227e-02 2.045e-04 2.530e-02 2.489e-02
1.200e+01 1.106e-05 1.158e-02 1.864e-04 2.661e-02 2.518e-02
1.224e+01 1.063e-05 1.141e-02 1.822e-04 2.694e-02 2.525e-02
1.300e+01 9.421e-06 1.091e-02 1.698e-04 2.794e-02 2.548e-02
1.351e+01 8.723e-06 1.060e-02 1.624e-04 2.859e-02 2.562e-02
1.400e+01 8.124e-06 1.032e-02 1.559e-04 2.920e-02 2.576e-02
1.491e+01 7.162e-06 9.842e-03 1.450e-04 3.026e-02 2.601e-02
1.500e+01 7.076e-06 9.798e-03 1.440e-04 3.036e-02 2.603e-02
1.600e+01 6.219e-06 9.331e-03 1.338e-04 3.146e-02 2.617e-02
1.646e+01 5.877e-06 9.132e-03 1.296e-04 3.194e-02 2.623e-02
1.800e+01 4.914e-06 8.528e-03 1.172e-04 3.342e-02 2.642e-02
1.818e+01 4.817e-06 8.463e-03 1.159e-04 3.358e-02 2.644e-02
2.000e+01 3.979e-06 7.863e-03 1.042e-04 3.517e-02 2.664e-02
